0 0.270313 0.125000 0.086458 0.133333
0 0.350000 0.863889 0.077083 0.138889
0 0.592708 0.086111 0.081250 0.161111
0 0.273438 0.852083 0.065625 0.134722
0 0.751042 0.875694 0.079167 0.109722
0 0.481771 0.074306 0.076042 0.148611
0 0.141146 0.294444 0.061458 0.080556
0 0.169792 0.795833 0.112500 0.111111
0 0.626563 0.922917 0.082292 0.118056
0 0.269271 0.250000 0.092708 0.130556
0 0.354167 0.222917 0.072917 0.126389
0 0.643750 0.738889 0.100000 0.161111
0 0.169271 0.165278 0.086458 0.100000
0 0.771354 0.270833 0.090625 0.108333
