0 0.778646 0.690278 0.092708 0.130556
0 0.271354 0.118750 0.084375 0.143056
0 0.769271 0.500694 0.107292 0.143056
0 0.481250 0.075694 0.081250 0.151389
0 0.374479 0.198611 0.111458 0.152778
0 0.624479 0.940278 0.076042 0.113889
0 0.143229 0.286806 0.055208 0.084722
0 0.347917 0.876389 0.081250 0.141667
0 0.273958 0.860417 0.066667 0.140278
0 0.170833 0.165278 0.087500 0.108333
0 0.169792 0.796528 0.112500 0.112500
0 0.766667 0.240972 0.081250 0.143056
0 0.274479 0.255556 0.088542 0.119444
0 0.201563 0.261111 0.071875 0.111111
0 0.649479 0.740972 0.134375 0.201389
0 0.749479 0.877778 0.078125 0.108333
1 0.530208 0.842361 0.097917 0.295833
