0 0.349479 0.863194 0.078125 0.137500
0 0.272917 0.854861 0.064583 0.137500
0 0.145833 0.293750 0.068750 0.081944
0 0.170313 0.797222 0.113542 0.111111
0 0.627083 0.923611 0.081250 0.119444
0 0.349479 0.225694 0.092708 0.118056
0 0.752083 0.875694 0.081250 0.109722
0 0.265104 0.130556 0.092708 0.127778
0 0.199479 0.249306 0.069792 0.115278
0 0.265625 0.248611 0.081250 0.130556
0 0.771354 0.270139 0.088542 0.109722
0 0.486979 0.070833 0.067708 0.141667
0 0.675000 0.501389 0.085417 0.175000
1 0.561458 0.149306 0.095833 0.248611
0 0.170833 0.161806 0.089583 0.101389
0 0.646354 0.738889 0.105208 0.161111
