0 0.770312 0.268750 0.086458 0.115278
0 0.778646 0.690278 0.092708 0.130556
0 0.272396 0.118750 0.086458 0.143056
0 0.171354 0.165278 0.086458 0.108333
0 0.769271 0.500000 0.107292 0.141667
0 0.380729 0.199306 0.105208 0.151389
0 0.481250 0.075000 0.081250 0.150000
0 0.348958 0.865278 0.079167 0.136111
0 0.169271 0.795833 0.111458 0.113889
0 0.271875 0.861111 0.068750 0.147222
0 0.272917 0.260417 0.087500 0.118056
0 0.142187 0.286111 0.057292 0.086111
0 0.622917 0.939583 0.077083 0.112500
0 0.203125 0.274306 0.070833 0.118056
0 0.749479 0.877778 0.078125 0.108333
0 0.583333 0.401389 0.114583 0.197222
