0 0.778646 0.690278 0.092708 0.130556
0 0.771354 0.261806 0.092708 0.123611
0 0.272396 0.118750 0.086458 0.143056
0 0.171354 0.165278 0.086458 0.108333
0 0.769792 0.500694 0.106250 0.143056
0 0.482292 0.075000 0.083333 0.150000
0 0.385937 0.195833 0.123958 0.158333
0 0.533333 0.755556 0.104167 0.288889
0 0.623437 0.939583 0.078125 0.115278
0 0.169792 0.795833 0.112500 0.111111
0 0.278125 0.865278 0.070833 0.141667
0 0.142708 0.286111 0.056250 0.086111
0 0.271875 0.261111 0.089583 0.122222
0 0.749479 0.877778 0.078125 0.108333
0 0.353646 0.878472 0.069792 0.151389
0 0.202604 0.273611 0.069792 0.116667
