0 0.778646 0.690278 0.092708 0.130556
0 0.377083 0.193056 0.108333 0.163889
0 0.770312 0.268750 0.086458 0.115278
0 0.170833 0.163194 0.087500 0.109722
0 0.272396 0.118750 0.086458 0.143056
0 0.769792 0.500000 0.106250 0.141667
0 0.479167 0.074306 0.075000 0.148611
0 0.272917 0.256250 0.087500 0.118056
0 0.348438 0.865278 0.080208 0.136111
0 0.169271 0.795833 0.113542 0.113889
0 0.275000 0.870833 0.064583 0.147222
0 0.623437 0.939583 0.078125 0.115278
0 0.145833 0.280556 0.058333 0.091667
0 0.199479 0.269444 0.073958 0.111111
0 0.750000 0.877083 0.079167 0.109722
0 0.614583 0.750000 0.112500 0.200000
