0 0.170833 0.162500 0.087500 0.108333
0 0.144271 0.287500 0.057292 0.094444
0 0.198958 0.263889 0.062500 0.108333
0 0.626042 0.938194 0.079167 0.112500
0 0.269271 0.257639 0.090625 0.112500
0 0.357812 0.198611 0.063542 0.147222
0 0.261979 0.119444 0.065625 0.136111
0 0.278125 0.864583 0.066667 0.145833
0 0.770312 0.502778 0.105208 0.136111
0 0.170833 0.795833 0.114583 0.113889
0 0.488021 0.073611 0.069792 0.147222
0 0.645312 0.734028 0.092708 0.156944
0 0.749479 0.878472 0.078125 0.106944
0 0.353646 0.888194 0.071875 0.156944
