0 0.350000 0.863889 0.079167 0.136111
0 0.143229 0.295139 0.059375 0.084722
0 0.592708 0.086111 0.081250 0.161111
0 0.226562 0.678472 0.094792 0.143056
0 0.169792 0.162500 0.087500 0.105556
0 0.751042 0.875694 0.079167 0.109722
0 0.266146 0.127083 0.088542 0.129167
0 0.627604 0.922222 0.080208 0.116667
0 0.267708 0.256944 0.093750 0.127778
0 0.646354 0.738194 0.105208 0.162500
0 0.347917 0.214583 0.089583 0.126389
0 0.273438 0.852083 0.063542 0.129167
0 0.771875 0.267361 0.089583 0.112500
0 0.675521 0.500000 0.086458 0.180556
0 0.779687 0.693056 0.090625 0.127778
