0 0.270833 0.126389 0.083333 0.136111
0 0.170833 0.166667 0.089583 0.111111
0 0.598437 0.090972 0.084375 0.154167
0 0.774479 0.268750 0.094792 0.115278
0 0.486458 0.075000 0.077083 0.150000
0 0.151042 0.291667 0.075000 0.091667
0 0.352083 0.213194 0.081250 0.120833
0 0.751563 0.875694 0.080208 0.109722
0 0.273438 0.257639 0.084375 0.112500
0 0.678646 0.524306 0.092708 0.143056
0 0.228646 0.694444 0.107292 0.116667
0 0.775000 0.496528 0.095833 0.151389
0 0.779167 0.693056 0.089583 0.127778
0 0.352083 0.868056 0.079167 0.130556
