0 0.271354 0.119444 0.084375 0.144444
0 0.778646 0.689583 0.092708 0.129167
0 0.769271 0.500694 0.107292 0.143056
0 0.481250 0.075694 0.081250 0.151389
0 0.143750 0.286806 0.056250 0.084722
0 0.169792 0.796528 0.112500 0.112500
0 0.170833 0.164583 0.087500 0.106944
0 0.275000 0.863194 0.068750 0.143056
0 0.351562 0.891667 0.073958 0.175000
0 0.273958 0.256250 0.087500 0.115278
0 0.201563 0.261806 0.065625 0.109722
0 0.623958 0.940972 0.072917 0.112500
0 0.767708 0.247917 0.085417 0.143056
0 0.749479 0.877778 0.078125 0.108333
0 0.639583 0.738889 0.139583 0.194444
0 0.223438 0.663889 0.094792 0.105556
