0 0.382812 0.187500 0.105208 0.175000
0 0.272396 0.118056 0.086458 0.141667
0 0.350000 0.873611 0.075000 0.141667
0 0.482812 0.075000 0.082292 0.150000
0 0.144792 0.287500 0.058333 0.088889
0 0.769792 0.500694 0.106250 0.140278
0 0.270833 0.262500 0.095833 0.130556
0 0.273438 0.855556 0.071875 0.144444
0 0.170313 0.163194 0.088542 0.106944
0 0.169271 0.794444 0.113542 0.113889
0 0.623437 0.938889 0.078125 0.113889
0 0.771354 0.251389 0.090625 0.141667
0 0.750000 0.877083 0.079167 0.109722
0 0.199479 0.264583 0.053125 0.106944
0 0.781250 0.678472 0.095833 0.109722
0 0.720833 0.122917 0.083333 0.173611
