0 0.350000 0.863889 0.079167 0.136111
0 0.539583 0.906250 0.095833 0.187500
0 0.751042 0.875694 0.079167 0.109722
0 0.142708 0.295139 0.060417 0.084722
0 0.592708 0.087500 0.079167 0.158333
0 0.646354 0.738889 0.105208 0.163889
0 0.268229 0.257639 0.092708 0.129167
0 0.628125 0.921528 0.079167 0.118056
0 0.170313 0.163194 0.088542 0.104167
0 0.226042 0.674306 0.095833 0.148611
0 0.265104 0.128472 0.092708 0.126389
0 0.348958 0.215278 0.089583 0.125000
0 0.771354 0.270833 0.088542 0.111111
0 0.675521 0.500000 0.086458 0.180556
0 0.272917 0.852778 0.064583 0.130556
0 0.779687 0.693056 0.090625 0.127778
0 0.198437 0.256250 0.071875 0.115278
0 0.489063 0.070833 0.073958 0.141667
