0 0.270313 0.121528 0.084375 0.140278
0 0.349479 0.863889 0.078125 0.136111
0 0.143750 0.294444 0.060417 0.080556
0 0.592708 0.086806 0.081250 0.162500
0 0.751042 0.875694 0.079167 0.109722
0 0.273438 0.852083 0.065625 0.134722
0 0.626563 0.922917 0.082292 0.118056
0 0.484896 0.074306 0.082292 0.148611
0 0.269792 0.249306 0.093750 0.131944
0 0.169792 0.162500 0.087500 0.102778
0 0.195312 0.256944 0.065625 0.113889
0 0.170313 0.796528 0.113542 0.109722
0 0.354687 0.224306 0.071875 0.129167
0 0.645312 0.738194 0.103125 0.159722
0 0.230729 0.700694 0.107292 0.104167
