0 0.675000 0.498611 0.087500 0.186111
0 0.771875 0.272917 0.089583 0.115278
0 0.779167 0.692361 0.093750 0.131944
0 0.751042 0.876389 0.079167 0.111111
0 0.775521 0.498611 0.094792 0.147222
0 0.592708 0.087500 0.081250 0.161111
0 0.627083 0.922917 0.083333 0.120833
0 0.350000 0.863889 0.077083 0.136111
0 0.347917 0.207639 0.087500 0.134722
0 0.266667 0.125000 0.087500 0.125000
0 0.270313 0.261806 0.092708 0.126389
0 0.645833 0.725000 0.106250 0.191667
0 0.168229 0.163889 0.086458 0.102778
0 0.140625 0.295139 0.058333 0.084722
0 0.228125 0.677778 0.093750 0.141667
0 0.273438 0.856250 0.063542 0.134722
0 0.490625 0.071528 0.070833 0.143056
0 0.590625 0.600000 0.108333 0.194444
