0 0.170833 0.162500 0.087500 0.108333
0 0.625000 0.938194 0.079167 0.112500
0 0.271875 0.856250 0.068750 0.145833
0 0.266146 0.263889 0.098958 0.130556
0 0.198958 0.265278 0.064583 0.113889
0 0.348438 0.874306 0.082292 0.145833
0 0.769792 0.504167 0.106250 0.136111
0 0.169792 0.795139 0.112500 0.115278
0 0.264583 0.117361 0.068750 0.140278
0 0.357292 0.204167 0.070833 0.138889
0 0.579167 0.418750 0.114583 0.206944
0 0.647917 0.734028 0.093750 0.151389
0 0.143229 0.279167 0.061458 0.091667
0 0.750521 0.881250 0.078125 0.115278
0 0.509896 0.135417 0.082292 0.270833
