0 0.349479 0.863194 0.078125 0.137500
0 0.672396 0.506250 0.080208 0.168056
0 0.771354 0.271528 0.090625 0.112500
0 0.592708 0.087500 0.079167 0.161111
0 0.778646 0.692361 0.092708 0.129167
0 0.751042 0.876389 0.079167 0.111111
0 0.566667 0.698611 0.116667 0.275000
0 0.273438 0.852778 0.063542 0.133333
0 0.627083 0.923611 0.083333 0.119444
0 0.778646 0.497917 0.088542 0.148611
0 0.170833 0.797222 0.112500 0.111111
0 0.263542 0.246528 0.083333 0.140278
0 0.146875 0.290972 0.072917 0.081944
0 0.167187 0.161806 0.082292 0.104167
0 0.348438 0.225000 0.090625 0.127778
0 0.658333 0.739583 0.081250 0.165278
0 0.230208 0.699306 0.114583 0.112500
0 0.265104 0.129861 0.090625 0.131944
0 0.488542 0.066667 0.072917 0.133333
