0 0.778646 0.690278 0.092708 0.130556
0 0.271875 0.118056 0.085417 0.144444
0 0.769792 0.500694 0.106250 0.143056
0 0.481250 0.075694 0.081250 0.151389
0 0.143229 0.286806 0.057292 0.087500
0 0.387500 0.190972 0.116667 0.168056
0 0.273958 0.258333 0.089583 0.119444
0 0.274479 0.858333 0.069792 0.144444
0 0.623437 0.939583 0.078125 0.115278
0 0.170833 0.163194 0.087500 0.106944
0 0.169792 0.795833 0.112500 0.113889
0 0.766146 0.240972 0.082292 0.143056
0 0.348958 0.871528 0.077083 0.137500
0 0.204167 0.261806 0.070833 0.112500
0 0.749479 0.877778 0.078125 0.108333
0 0.632292 0.724306 0.104167 0.220833
