0 0.675000 0.500000 0.087500 0.183333
0 0.349479 0.863194 0.078125 0.137500
0 0.771875 0.271528 0.089583 0.112500
0 0.272917 0.854167 0.064583 0.136111
0 0.592708 0.086111 0.079167 0.158333
0 0.779167 0.693056 0.091667 0.127778
0 0.145833 0.293750 0.068750 0.081944
0 0.627083 0.923611 0.081250 0.119444
0 0.170833 0.796528 0.112500 0.112500
0 0.752083 0.875000 0.081250 0.111111
0 0.486979 0.074306 0.069792 0.148611
0 0.646354 0.738889 0.107292 0.163889
0 0.198958 0.250000 0.066667 0.113889
0 0.349479 0.223611 0.094792 0.119444
0 0.778125 0.497222 0.089583 0.150000
0 0.266146 0.129167 0.090625 0.127778
0 0.265104 0.247222 0.080208 0.133333
0 0.170313 0.161806 0.090625 0.101389
