0 0.271875 0.117361 0.085417 0.143056
0 0.780208 0.688889 0.093750 0.125000
0 0.386458 0.188889 0.112500 0.172222
0 0.481771 0.075000 0.080208 0.150000
0 0.770312 0.500694 0.105208 0.143056
0 0.143750 0.286806 0.056250 0.087500
0 0.275000 0.857639 0.072917 0.145833
0 0.271875 0.259028 0.095833 0.120833
0 0.170833 0.163194 0.087500 0.106944
0 0.766146 0.240972 0.082292 0.143056
0 0.169792 0.795833 0.112500 0.113889
0 0.202604 0.262500 0.069792 0.111111
0 0.623437 0.939583 0.078125 0.115278
0 0.349479 0.871528 0.076042 0.137500
0 0.601042 0.477778 0.137500 0.163889
0 0.750521 0.877083 0.078125 0.109722
0 0.627604 0.737500 0.117708 0.188889
