0 0.770312 0.268750 0.086458 0.115278
0 0.778646 0.690278 0.092708 0.130556
0 0.272396 0.118750 0.086458 0.143056
0 0.171354 0.165278 0.086458 0.108333
0 0.379167 0.200000 0.106250 0.150000
0 0.769271 0.500000 0.107292 0.141667
0 0.480729 0.075000 0.080208 0.150000
0 0.348958 0.865972 0.079167 0.134722
0 0.582812 0.338889 0.117708 0.261111
0 0.271875 0.859028 0.066667 0.143056
0 0.169271 0.795833 0.111458 0.113889
0 0.143229 0.284722 0.057292 0.088889
0 0.272917 0.259028 0.087500 0.115278
0 0.622917 0.938889 0.077083 0.113889
0 0.203125 0.273611 0.070833 0.116667
0 0.749479 0.877778 0.078125 0.108333
