0 0.778646 0.690278 0.092708 0.130556
0 0.271875 0.118750 0.085417 0.143056
0 0.481250 0.075000 0.081250 0.150000
0 0.769271 0.500000 0.107292 0.141667
0 0.144271 0.286806 0.057292 0.087500
0 0.768229 0.244444 0.084375 0.147222
0 0.375000 0.203472 0.120833 0.143056
0 0.222396 0.651389 0.098958 0.122222
0 0.273958 0.257639 0.087500 0.120833
0 0.170833 0.164583 0.087500 0.106944
0 0.275000 0.865972 0.068750 0.143056
0 0.169792 0.797222 0.112500 0.113889
0 0.623958 0.940972 0.072917 0.112500
0 0.204167 0.259028 0.070833 0.112500
0 0.352083 0.881250 0.072917 0.151389
0 0.749479 0.877778 0.078125 0.108333
0 0.541146 0.904861 0.086458 0.187500
0 0.632292 0.738194 0.127083 0.195833
