0 0.349479 0.863194 0.078125 0.137500
0 0.592708 0.086806 0.079167 0.162500
0 0.771875 0.271528 0.089583 0.112500
0 0.146354 0.293750 0.069792 0.081944
0 0.751042 0.875000 0.079167 0.111111
0 0.627083 0.923611 0.081250 0.119444
0 0.272917 0.852778 0.064583 0.133333
0 0.170313 0.796528 0.113542 0.109722
0 0.486979 0.074306 0.076042 0.148611
0 0.779167 0.693056 0.091667 0.127778
0 0.350521 0.224306 0.088542 0.120833
0 0.646354 0.738889 0.107292 0.163889
0 0.264583 0.247222 0.083333 0.136111
0 0.170313 0.163194 0.088542 0.106944
0 0.265104 0.128472 0.092708 0.126389
0 0.200521 0.258333 0.059375 0.100000
0 0.778125 0.497917 0.089583 0.151389
0 0.674479 0.504167 0.086458 0.172222
