0 0.673438 0.502778 0.084375 0.175000
0 0.750000 0.875694 0.077083 0.109722
0 0.589583 0.088194 0.087500 0.156944
0 0.226042 0.677778 0.093750 0.138889
0 0.779167 0.693056 0.091667 0.127778
0 0.647917 0.733333 0.100000 0.152778
0 0.773438 0.270139 0.090625 0.112500
0 0.142187 0.291667 0.057292 0.086111
0 0.626563 0.922917 0.082292 0.118056
0 0.268229 0.129861 0.088542 0.126389
0 0.482292 0.072917 0.077083 0.145833
0 0.269271 0.250694 0.092708 0.129167
0 0.169271 0.163889 0.086458 0.102778
0 0.777083 0.497917 0.091667 0.151389
