0 0.271875 0.118750 0.085417 0.143056
0 0.371875 0.201389 0.110417 0.147222
0 0.769271 0.500694 0.107292 0.143056
0 0.144792 0.286111 0.058333 0.086111
0 0.350000 0.875694 0.075000 0.137500
0 0.274479 0.854167 0.069792 0.147222
0 0.267708 0.258333 0.097917 0.122222
0 0.169271 0.795833 0.111458 0.113889
0 0.629687 0.938194 0.078125 0.112500
0 0.765104 0.235417 0.080208 0.156944
0 0.170833 0.161806 0.087500 0.104167
0 0.198437 0.254167 0.063542 0.113889
0 0.488021 0.074306 0.073958 0.148611
0 0.536458 0.918750 0.091667 0.156944
0 0.750000 0.878472 0.077083 0.109722
