0 0.270313 0.121528 0.084375 0.140278
0 0.349479 0.863889 0.078125 0.136111
0 0.143750 0.293750 0.060417 0.081944
0 0.592708 0.086111 0.081250 0.161111
0 0.751042 0.875694 0.079167 0.109722
0 0.273438 0.852083 0.065625 0.134722
0 0.269271 0.250000 0.092708 0.130556
0 0.484896 0.074306 0.082292 0.148611
0 0.626563 0.922917 0.082292 0.118056
0 0.170313 0.795833 0.113542 0.108333
0 0.195833 0.257639 0.066667 0.115278
0 0.354687 0.223611 0.073958 0.130556
0 0.169792 0.164583 0.087500 0.101389
0 0.236979 0.697917 0.121875 0.112500
