0 0.271354 0.118750 0.084375 0.143056
0 0.541146 0.904167 0.092708 0.191667
0 0.369792 0.202083 0.108333 0.145833
0 0.266667 0.265972 0.100000 0.134722
0 0.769792 0.500000 0.106250 0.141667
0 0.275000 0.854861 0.070833 0.148611
0 0.196354 0.262500 0.067708 0.116667
0 0.169271 0.795833 0.111458 0.113889
0 0.350000 0.875694 0.075000 0.137500
0 0.142708 0.286806 0.056250 0.084722
0 0.170313 0.163889 0.088542 0.105556
0 0.627083 0.940278 0.072917 0.113889
0 0.488021 0.074306 0.073958 0.148611
0 0.762500 0.238194 0.075000 0.154167
0 0.750000 0.877083 0.077083 0.109722
