0 0.269792 0.124306 0.085417 0.134722
0 0.751042 0.875694 0.079167 0.109722
0 0.194792 0.251389 0.070833 0.122222
0 0.593229 0.086111 0.080208 0.161111
0 0.142187 0.294444 0.059375 0.080556
0 0.350000 0.863889 0.077083 0.136111
0 0.268750 0.250694 0.093750 0.134722
0 0.626563 0.922917 0.082292 0.118056
0 0.484896 0.072917 0.082292 0.145833
0 0.273958 0.852083 0.062500 0.134722
0 0.170313 0.161111 0.088542 0.100000
0 0.226562 0.679167 0.088542 0.130556
0 0.356250 0.223611 0.068750 0.127778
0 0.644792 0.738194 0.102083 0.159722
