0 0.170833 0.162500 0.087500 0.108333
0 0.144271 0.288194 0.057292 0.095833
0 0.269792 0.257639 0.091667 0.112500
0 0.626042 0.937500 0.079167 0.111111
0 0.200000 0.264583 0.060417 0.106944
0 0.357292 0.198611 0.064583 0.147222
0 0.278125 0.863889 0.066667 0.147222
0 0.769792 0.503472 0.106250 0.134722
0 0.261979 0.119444 0.067708 0.133333
0 0.170313 0.795833 0.113542 0.113889
0 0.488021 0.073611 0.069792 0.147222
0 0.644792 0.734722 0.091667 0.158333
0 0.353646 0.888194 0.071875 0.156944
0 0.749479 0.878472 0.078125 0.106944
