0 0.170833 0.162500 0.087500 0.108333
0 0.625521 0.938889 0.080208 0.113889
0 0.273438 0.855556 0.071875 0.147222
0 0.350521 0.873611 0.076042 0.138889
0 0.265625 0.264583 0.097917 0.129167
0 0.568229 0.649306 0.113542 0.243056
0 0.169271 0.795139 0.113542 0.115278
0 0.769792 0.503472 0.106250 0.137500
0 0.197917 0.265972 0.062500 0.112500
0 0.750521 0.878472 0.078125 0.112500
0 0.647396 0.732639 0.090625 0.159722
0 0.352083 0.203472 0.079167 0.134722
0 0.260937 0.116667 0.063542 0.136111
0 0.487500 0.072917 0.075000 0.145833
0 0.143750 0.279861 0.060417 0.093056
