0 0.771875 0.272917 0.089583 0.115278
0 0.779167 0.693056 0.093750 0.130556
0 0.774479 0.500694 0.096875 0.143056
0 0.646354 0.738194 0.105208 0.165278
0 0.592708 0.087500 0.081250 0.161111
0 0.676042 0.498611 0.087500 0.186111
0 0.751042 0.875694 0.079167 0.109722
0 0.627604 0.923611 0.082292 0.119444
0 0.347917 0.204167 0.087500 0.141667
0 0.350000 0.867361 0.077083 0.129167
0 0.266146 0.125000 0.086458 0.125000
0 0.168229 0.163194 0.086458 0.104167
0 0.270313 0.261806 0.092708 0.126389
0 0.227604 0.678472 0.094792 0.140278
0 0.140625 0.294444 0.058333 0.086111
0 0.273958 0.854861 0.062500 0.134722
0 0.489583 0.070139 0.070833 0.140278
