0 0.675521 0.498611 0.088542 0.186111
0 0.771354 0.272917 0.088542 0.115278
0 0.592708 0.087500 0.081250 0.161111
0 0.353125 0.200694 0.077083 0.148611
0 0.646354 0.738194 0.105208 0.165278
0 0.779167 0.692361 0.093750 0.129167
0 0.751042 0.875694 0.079167 0.109722
0 0.268229 0.125000 0.086458 0.127778
0 0.348958 0.865278 0.079167 0.136111
0 0.774479 0.502083 0.098958 0.145833
0 0.627604 0.923611 0.082292 0.119444
0 0.169792 0.163194 0.087500 0.104167
0 0.269271 0.260417 0.094792 0.126389
0 0.228125 0.681250 0.095833 0.137500
0 0.489063 0.074306 0.069792 0.148611
0 0.140625 0.294444 0.058333 0.086111
0 0.272396 0.851389 0.063542 0.127778
