0 0.349479 0.863194 0.078125 0.137500
0 0.145833 0.293750 0.068750 0.081944
0 0.170313 0.796528 0.113542 0.112500
0 0.272917 0.853472 0.064583 0.134722
0 0.627083 0.923611 0.081250 0.119444
0 0.200521 0.249306 0.069792 0.115278
0 0.351562 0.221528 0.094792 0.120833
0 0.265625 0.249306 0.083333 0.129167
0 0.264583 0.130556 0.093750 0.127778
0 0.771354 0.270833 0.088542 0.111111
0 0.675521 0.501389 0.086458 0.175000
0 0.170833 0.161806 0.089583 0.101389
1 0.552083 0.089583 0.083333 0.179167
0 0.646354 0.738194 0.105208 0.159722
0 0.779687 0.693750 0.088542 0.126389
