0 0.271875 0.119444 0.085417 0.141667
0 0.371875 0.201389 0.106250 0.147222
0 0.769792 0.500694 0.106250 0.143056
0 0.198437 0.265972 0.069792 0.112500
0 0.623437 0.939583 0.080208 0.115278
0 0.170313 0.163889 0.088542 0.108333
0 0.143229 0.286806 0.057292 0.087500
0 0.267188 0.269444 0.101042 0.133333
0 0.169792 0.795139 0.112500 0.112500
0 0.350000 0.874306 0.075000 0.137500
0 0.277083 0.857639 0.072917 0.151389
0 0.769271 0.243056 0.086458 0.152778
0 0.487500 0.075000 0.075000 0.150000
0 0.749479 0.877083 0.078125 0.109722
0 0.557813 0.693750 0.113542 0.220833
