0 0.272396 0.119444 0.086458 0.141667
0 0.769271 0.500000 0.107292 0.141667
0 0.372396 0.201389 0.105208 0.147222
0 0.623958 0.938889 0.081250 0.113889
0 0.266667 0.267361 0.102083 0.134722
0 0.170313 0.163194 0.088542 0.106944
0 0.350000 0.874306 0.075000 0.140278
0 0.197396 0.265278 0.071875 0.111111
0 0.276042 0.856944 0.072917 0.150000
0 0.169792 0.795139 0.112500 0.112500
0 0.143229 0.286111 0.057292 0.086111
0 0.770312 0.243750 0.088542 0.148611
0 0.567708 0.629167 0.118750 0.283333
0 0.750000 0.877083 0.079167 0.109722
0 0.486979 0.075000 0.076042 0.150000
