0 0.383333 0.187500 0.106250 0.175000
0 0.272396 0.118056 0.086458 0.141667
0 0.482812 0.075000 0.082292 0.150000
0 0.145833 0.287500 0.060417 0.088889
0 0.350521 0.873611 0.076042 0.141667
0 0.270313 0.261806 0.094792 0.129167
0 0.769792 0.500694 0.106250 0.140278
0 0.170313 0.163194 0.088542 0.106944
0 0.273438 0.856250 0.071875 0.145833
0 0.169271 0.795139 0.113542 0.112500
0 0.622917 0.938889 0.077083 0.113889
0 0.769271 0.253472 0.088542 0.137500
0 0.750000 0.877083 0.079167 0.109722
0 0.781771 0.678472 0.096875 0.109722
0 0.198958 0.262500 0.054167 0.108333
0 0.720833 0.120833 0.085417 0.183333
