0 0.383854 0.190972 0.107292 0.168056
0 0.266667 0.265972 0.102083 0.140278
0 0.625000 0.938889 0.079167 0.113889
0 0.271875 0.856944 0.066667 0.150000
0 0.485417 0.074306 0.077083 0.148611
0 0.348438 0.872917 0.080208 0.145833
0 0.560417 0.240972 0.106250 0.279167
0 0.650521 0.731250 0.098958 0.151389
0 0.169792 0.796528 0.112500 0.112500
0 0.198437 0.265278 0.061458 0.113889
0 0.770312 0.501389 0.105208 0.138889
0 0.171354 0.162500 0.088542 0.108333
0 0.271354 0.119444 0.090625 0.141667
0 0.750521 0.877778 0.078125 0.108333
0 0.783333 0.270833 0.110417 0.116667
