0 0.381250 0.188194 0.102083 0.170833
0 0.272396 0.118750 0.086458 0.143056
0 0.350000 0.872917 0.075000 0.140278
0 0.482812 0.075000 0.082292 0.150000
0 0.144271 0.287500 0.057292 0.088889
0 0.273438 0.855556 0.073958 0.141667
0 0.271354 0.263194 0.094792 0.131944
0 0.769792 0.500000 0.106250 0.141667
0 0.170313 0.163194 0.088542 0.106944
0 0.169271 0.795833 0.113542 0.113889
0 0.623437 0.939583 0.078125 0.115278
0 0.772917 0.249306 0.095833 0.145833
0 0.197396 0.265972 0.061458 0.112500
0 0.750000 0.877083 0.079167 0.109722
