0 0.349479 0.863194 0.078125 0.137500
0 0.592187 0.086806 0.080208 0.162500
0 0.273438 0.852778 0.065625 0.136111
0 0.145313 0.294444 0.067708 0.080556
0 0.169792 0.795139 0.112500 0.112500
0 0.627083 0.923611 0.081250 0.119444
0 0.200000 0.247917 0.066667 0.118056
0 0.483333 0.073611 0.081250 0.147222
0 0.267188 0.247222 0.094792 0.130556
0 0.264062 0.129861 0.094792 0.126389
0 0.351042 0.217361 0.085417 0.123611
0 0.170833 0.161806 0.089583 0.101389
0 0.771354 0.270139 0.088542 0.109722
0 0.779687 0.694444 0.088542 0.127778
