0 0.772396 0.272222 0.090625 0.113889
0 0.675000 0.497917 0.087500 0.184722
0 0.779167 0.693056 0.093750 0.130556
0 0.775521 0.498611 0.094792 0.144444
0 0.592708 0.087500 0.081250 0.161111
0 0.350000 0.864583 0.079167 0.137500
0 0.627604 0.922917 0.082292 0.120833
0 0.751042 0.875694 0.079167 0.109722
0 0.266667 0.125000 0.087500 0.125000
0 0.346875 0.209028 0.091667 0.131944
0 0.270313 0.261806 0.090625 0.126389
0 0.168229 0.163889 0.086458 0.102778
0 0.140625 0.295139 0.058333 0.084722
0 0.228125 0.677083 0.093750 0.143056
0 0.273438 0.856250 0.063542 0.134722
0 0.582812 0.636111 0.111458 0.236111
0 0.491146 0.072222 0.071875 0.144444
