0 0.378125 0.193056 0.104167 0.161111
0 0.626042 0.938889 0.079167 0.113889
0 0.271875 0.118750 0.085417 0.143056
0 0.267708 0.262500 0.100000 0.133333
0 0.771875 0.266667 0.093750 0.116667
0 0.274479 0.856250 0.069792 0.148611
0 0.196875 0.259722 0.066667 0.116667
0 0.349479 0.875694 0.076042 0.137500
0 0.485938 0.075000 0.078125 0.150000
0 0.169792 0.796528 0.112500 0.112500
0 0.769792 0.502778 0.106250 0.136111
0 0.171875 0.163194 0.087500 0.104167
0 0.677604 0.692361 0.126042 0.229167
0 0.750000 0.877778 0.077083 0.108333
0 0.145313 0.288194 0.055208 0.081944
