0 0.170833 0.162500 0.087500 0.108333
0 0.625000 0.938194 0.079167 0.112500
0 0.271875 0.856250 0.066667 0.145833
0 0.266146 0.264583 0.098958 0.131944
0 0.199479 0.265278 0.061458 0.113889
0 0.769792 0.504167 0.106250 0.136111
0 0.358333 0.207639 0.066667 0.131944
0 0.169792 0.795139 0.112500 0.115278
0 0.347396 0.873611 0.084375 0.144444
0 0.266146 0.117361 0.073958 0.140278
0 0.648438 0.732639 0.094792 0.151389
0 0.484375 0.074306 0.075000 0.148611
0 0.751042 0.877778 0.079167 0.111111
0 0.143750 0.277778 0.060417 0.091667
0 0.565625 0.115972 0.079167 0.215278
