0 0.751042 0.876389 0.079167 0.111111
0 0.169271 0.795833 0.113542 0.113889
0 0.267188 0.261806 0.096875 0.123611
0 0.647396 0.734722 0.094792 0.155556
0 0.275521 0.857639 0.069792 0.145833
0 0.626563 0.938889 0.076042 0.113889
0 0.530208 0.889583 0.085417 0.220833
0 0.769792 0.503472 0.106250 0.134722
0 0.353125 0.888194 0.070833 0.162500
0 0.485938 0.074306 0.076042 0.148611
0 0.169792 0.161111 0.087500 0.105556
0 0.355208 0.206250 0.072917 0.134722
0 0.204167 0.252778 0.058333 0.113889
0 0.147396 0.281250 0.059375 0.090278
