0 0.271354 0.118750 0.084375 0.143056
0 0.350000 0.872917 0.077083 0.140278
0 0.198437 0.265278 0.067708 0.111111
0 0.625000 0.938889 0.079167 0.116667
0 0.769792 0.500694 0.106250 0.143056
0 0.268229 0.264583 0.096875 0.129167
0 0.143229 0.285417 0.057292 0.087500
0 0.369271 0.202083 0.109375 0.145833
0 0.170833 0.163889 0.087500 0.105556
0 0.169792 0.795139 0.112500 0.112500
0 0.532292 0.779167 0.104167 0.269444
0 0.275000 0.857639 0.070833 0.151389
0 0.767188 0.240278 0.082292 0.158333
0 0.749479 0.877083 0.078125 0.109722
0 0.487500 0.074306 0.072917 0.148611
