0 0.382812 0.188194 0.105208 0.173611
0 0.271875 0.118056 0.085417 0.144444
0 0.268750 0.260417 0.097917 0.129167
0 0.772396 0.262500 0.092708 0.122222
0 0.482812 0.075000 0.082292 0.150000
0 0.781771 0.684722 0.098958 0.119444
0 0.769792 0.500694 0.106250 0.140278
0 0.275521 0.857639 0.073958 0.145833
0 0.350000 0.872222 0.075000 0.138889
0 0.170833 0.163194 0.087500 0.106944
0 0.623437 0.939583 0.078125 0.115278
0 0.169792 0.795833 0.112500 0.113889
0 0.142187 0.286806 0.055208 0.087500
0 0.196354 0.260417 0.067708 0.112500
0 0.750000 0.877778 0.079167 0.108333
0 0.667708 0.168750 0.104167 0.195833
