0 0.271354 0.118750 0.084375 0.143056
0 0.368750 0.201389 0.110417 0.147222
0 0.769271 0.500000 0.107292 0.141667
0 0.266667 0.265972 0.100000 0.134722
0 0.543750 0.870139 0.097917 0.243056
0 0.197917 0.264583 0.068750 0.112500
0 0.275000 0.855556 0.070833 0.150000
0 0.350000 0.875000 0.075000 0.136111
0 0.142708 0.286111 0.056250 0.086111
0 0.169792 0.795833 0.112500 0.113889
0 0.170313 0.163889 0.088542 0.105556
0 0.488021 0.074306 0.073958 0.148611
0 0.761979 0.238889 0.073958 0.152778
0 0.628646 0.940278 0.069792 0.111111
0 0.750000 0.877083 0.077083 0.109722
