0 0.780208 0.686111 0.095833 0.122222
0 0.384896 0.188889 0.109375 0.172222
0 0.271875 0.118056 0.085417 0.141667
0 0.143750 0.288194 0.056250 0.087500
0 0.482812 0.075000 0.082292 0.150000
0 0.769271 0.500694 0.107292 0.140278
0 0.269271 0.259722 0.098958 0.125000
0 0.765625 0.244444 0.081250 0.147222
0 0.199479 0.262500 0.067708 0.111111
0 0.275000 0.857639 0.072917 0.145833
0 0.170833 0.163194 0.087500 0.106944
0 0.350000 0.872222 0.075000 0.138889
0 0.169792 0.795833 0.112500 0.113889
0 0.582812 0.284722 0.117708 0.258333
0 0.622917 0.938889 0.077083 0.113889
0 0.750521 0.877083 0.078125 0.109722
