0 0.268750 0.120833 0.087500 0.144444
0 0.751042 0.875000 0.079167 0.111111
0 0.645833 0.734028 0.097917 0.156944
0 0.589583 0.086806 0.087500 0.159722
0 0.674479 0.502083 0.084375 0.176389
0 0.142187 0.290278 0.057292 0.083333
0 0.269792 0.250694 0.091667 0.129167
0 0.626563 0.922917 0.082292 0.120833
0 0.169792 0.162500 0.087500 0.105556
0 0.779167 0.693056 0.091667 0.127778
0 0.482292 0.073611 0.077083 0.147222
0 0.772917 0.269444 0.089583 0.111111
0 0.194271 0.259722 0.069792 0.113889
0 0.169271 0.795833 0.111458 0.111111
0 0.356250 0.218056 0.072917 0.122222
