0 0.380729 0.188194 0.101042 0.173611
0 0.272396 0.118750 0.086458 0.143056
0 0.350000 0.873611 0.075000 0.141667
0 0.482812 0.075694 0.082292 0.151389
0 0.143750 0.287500 0.056250 0.088889
0 0.270833 0.263194 0.093750 0.131944
0 0.769792 0.500000 0.106250 0.141667
0 0.170313 0.163194 0.088542 0.106944
0 0.273438 0.855556 0.073958 0.141667
0 0.169271 0.795139 0.113542 0.115278
0 0.623437 0.939583 0.078125 0.115278
0 0.773438 0.248611 0.094792 0.147222
0 0.197917 0.264583 0.058333 0.106944
0 0.750000 0.877083 0.079167 0.109722
