0 0.349479 0.863194 0.078125 0.137500
0 0.271354 0.852083 0.063542 0.131944
0 0.145833 0.294444 0.068750 0.080556
0 0.169792 0.795139 0.112500 0.112500
0 0.627083 0.923611 0.081250 0.119444
0 0.200521 0.249306 0.067708 0.115278
0 0.563542 0.188194 0.097917 0.273611
0 0.264062 0.249306 0.084375 0.131944
0 0.349479 0.218750 0.092708 0.126389
0 0.771354 0.270139 0.088542 0.109722
0 0.264062 0.129861 0.094792 0.126389
0 0.170833 0.161806 0.089583 0.101389
0 0.489583 0.062500 0.068750 0.125000
0 0.646354 0.737500 0.105208 0.158333
