0 0.648958 0.729861 0.102083 0.151389
0 0.750521 0.875694 0.078125 0.109722
0 0.589583 0.086806 0.087500 0.159722
0 0.674479 0.502778 0.084375 0.175000
0 0.141667 0.290278 0.056250 0.083333
0 0.269792 0.250000 0.091667 0.130556
0 0.772917 0.270139 0.089583 0.112500
0 0.169792 0.163889 0.087500 0.102778
0 0.482292 0.072917 0.077083 0.145833
0 0.779167 0.693056 0.091667 0.127778
0 0.626563 0.922917 0.082292 0.118056
0 0.193750 0.259722 0.068750 0.113889
0 0.229167 0.693750 0.108333 0.115278
0 0.354687 0.221528 0.073958 0.126389
0 0.169271 0.795139 0.111458 0.109722
0 0.269271 0.131250 0.088542 0.123611
