0 0.272396 0.118750 0.086458 0.143056
0 0.769792 0.500694 0.106250 0.143056
0 0.351042 0.872917 0.075000 0.143056
0 0.144271 0.287500 0.057292 0.088889
0 0.273438 0.855556 0.071875 0.144444
0 0.376042 0.209722 0.108333 0.127778
0 0.270313 0.261111 0.092708 0.125000
0 0.169271 0.795833 0.113542 0.113889
0 0.623437 0.939583 0.078125 0.115278
0 0.170313 0.162500 0.088542 0.105556
0 0.487500 0.075000 0.075000 0.150000
0 0.772917 0.259722 0.093750 0.130556
0 0.196354 0.268056 0.063542 0.136111
0 0.750521 0.877083 0.078125 0.109722
