0 0.673438 0.503472 0.084375 0.176389
0 0.648958 0.731944 0.102083 0.152778
0 0.750000 0.875694 0.077083 0.109722
0 0.589583 0.088194 0.087500 0.156944
0 0.779167 0.692361 0.091667 0.129167
0 0.226562 0.682639 0.094792 0.134722
0 0.772917 0.270139 0.089583 0.112500
0 0.142708 0.290972 0.056250 0.084722
0 0.270313 0.249306 0.090625 0.129167
0 0.482292 0.072917 0.077083 0.145833
0 0.626563 0.922917 0.082292 0.118056
0 0.169271 0.163889 0.086458 0.102778
0 0.776563 0.497222 0.092708 0.152778
0 0.193750 0.259722 0.068750 0.111111
0 0.268229 0.131250 0.088542 0.123611
