0 0.385417 0.189583 0.110417 0.170833
0 0.271875 0.118056 0.085417 0.141667
0 0.765625 0.243056 0.081250 0.147222
0 0.780729 0.688194 0.094792 0.123611
0 0.144271 0.287500 0.057292 0.088889
0 0.481771 0.075000 0.080208 0.150000
0 0.269792 0.258333 0.097917 0.122222
0 0.769792 0.500694 0.106250 0.143056
0 0.274479 0.856944 0.073958 0.147222
0 0.201042 0.260417 0.068750 0.112500
0 0.169792 0.796528 0.112500 0.112500
0 0.170833 0.163194 0.087500 0.106944
0 0.623437 0.939583 0.078125 0.115278
0 0.350000 0.871528 0.075000 0.137500
0 0.581250 0.329861 0.116667 0.234722
0 0.750000 0.877778 0.077083 0.108333
