0 0.778646 0.690278 0.092708 0.130556
0 0.271875 0.118750 0.085417 0.143056
0 0.481250 0.075000 0.081250 0.150000
0 0.769271 0.500000 0.107292 0.141667
0 0.144271 0.286111 0.057292 0.086111
0 0.171354 0.163889 0.086458 0.108333
0 0.767708 0.245139 0.083333 0.148611
0 0.375521 0.202778 0.119792 0.144444
0 0.221354 0.647222 0.103125 0.125000
0 0.275521 0.868056 0.069792 0.147222
0 0.273958 0.256944 0.087500 0.119444
0 0.203646 0.259722 0.071875 0.111111
0 0.170313 0.797222 0.113542 0.113889
0 0.749479 0.877778 0.078125 0.108333
0 0.623958 0.940278 0.072917 0.111111
0 0.543229 0.909722 0.082292 0.175000
0 0.636458 0.736806 0.135417 0.195833
0 0.352083 0.879861 0.072917 0.148611
