0 0.672396 0.508333 0.082292 0.163889
0 0.349479 0.863194 0.078125 0.137500
0 0.771875 0.271528 0.089583 0.112500
0 0.778646 0.692361 0.092708 0.129167
0 0.592708 0.086806 0.079167 0.162500
0 0.751042 0.875694 0.079167 0.109722
0 0.627083 0.923611 0.083333 0.119444
0 0.272917 0.852778 0.064583 0.133333
0 0.170313 0.797222 0.113542 0.111111
0 0.146354 0.293056 0.071875 0.083333
0 0.778646 0.497917 0.088542 0.148611
0 0.265104 0.245139 0.086458 0.140278
0 0.166667 0.161806 0.081250 0.104167
0 0.350000 0.224306 0.089583 0.126389
0 0.585938 0.636111 0.123958 0.205556
0 0.265104 0.129861 0.090625 0.131944
0 0.488021 0.067361 0.073958 0.134722
