0 0.778646 0.690278 0.092708 0.130556
0 0.271875 0.118750 0.085417 0.143056
0 0.769271 0.500000 0.107292 0.141667
0 0.482292 0.075694 0.083333 0.151389
0 0.171354 0.164583 0.086458 0.106944
0 0.377083 0.201389 0.122917 0.147222
0 0.272396 0.254861 0.092708 0.126389
0 0.169792 0.795833 0.112500 0.113889
0 0.277083 0.866667 0.068750 0.144444
0 0.198958 0.268056 0.070833 0.111111
0 0.531771 0.845833 0.101042 0.288889
0 0.143229 0.284722 0.055208 0.088889
0 0.623958 0.940972 0.075000 0.112500
0 0.749479 0.877778 0.078125 0.108333
0 0.767188 0.250694 0.084375 0.134722
0 0.357812 0.884028 0.069792 0.154167
