0 0.778646 0.690278 0.092708 0.130556
0 0.380208 0.192361 0.112500 0.168056
0 0.770833 0.268750 0.087500 0.115278
0 0.171354 0.163194 0.086458 0.109722
0 0.271875 0.118750 0.085417 0.143056
0 0.769792 0.499306 0.106250 0.143056
0 0.169271 0.795833 0.113542 0.113889
0 0.348438 0.865278 0.080208 0.136111
0 0.479687 0.074306 0.076042 0.148611
0 0.264062 0.265278 0.107292 0.136111
0 0.623437 0.940278 0.078125 0.113889
0 0.275000 0.870833 0.066667 0.147222
0 0.546354 0.093750 0.063542 0.187500
0 0.146354 0.279861 0.057292 0.090278
0 0.194271 0.268750 0.067708 0.106944
0 0.750000 0.877778 0.079167 0.108333
0 0.614583 0.753472 0.110417 0.209722
