0 0.271354 0.118750 0.084375 0.143056
0 0.350521 0.872917 0.076042 0.140278
0 0.267188 0.265972 0.098958 0.131944
0 0.769792 0.500000 0.106250 0.141667
0 0.369271 0.202083 0.107292 0.145833
0 0.197917 0.265278 0.068750 0.111111
0 0.142708 0.285417 0.056250 0.087500
0 0.626563 0.939583 0.073958 0.115278
0 0.170313 0.163194 0.088542 0.106944
0 0.534896 0.834028 0.105208 0.306944
0 0.169271 0.795139 0.113542 0.112500
0 0.275521 0.857639 0.071875 0.151389
0 0.488021 0.075000 0.073958 0.150000
0 0.749479 0.877778 0.078125 0.111111
0 0.766667 0.238194 0.083333 0.156944
