0 0.675521 0.498611 0.088542 0.186111
0 0.771354 0.272917 0.088542 0.115278
0 0.646354 0.738194 0.105208 0.165278
0 0.592708 0.088194 0.081250 0.162500
0 0.779167 0.693056 0.093750 0.130556
0 0.365625 0.193750 0.093750 0.162500
0 0.348438 0.863889 0.080208 0.136111
0 0.775521 0.500694 0.096875 0.143056
0 0.751042 0.875694 0.079167 0.109722
0 0.269271 0.261111 0.094792 0.125000
0 0.627604 0.923611 0.082292 0.119444
0 0.169792 0.163194 0.087500 0.106944
0 0.488542 0.075000 0.070833 0.150000
0 0.270833 0.127083 0.083333 0.131944
0 0.581250 0.325694 0.108333 0.273611
0 0.228125 0.688889 0.100000 0.125000
0 0.272396 0.850694 0.063542 0.129167
0 0.140625 0.295139 0.058333 0.084722
0 0.170833 0.797222 0.112500 0.111111
