0 0.675000 0.498611 0.087500 0.186111
0 0.542708 0.866667 0.093750 0.255556
0 0.646875 0.738194 0.104167 0.165278
0 0.143229 0.295139 0.059375 0.084722
0 0.349479 0.863889 0.078125 0.136111
0 0.771875 0.271528 0.089583 0.112500
0 0.778646 0.692361 0.092708 0.129167
0 0.751042 0.875694 0.079167 0.109722
0 0.592708 0.086806 0.079167 0.159722
0 0.778646 0.497917 0.088542 0.148611
0 0.268229 0.257639 0.092708 0.129167
0 0.169792 0.162500 0.089583 0.105556
0 0.265104 0.129167 0.090625 0.127778
0 0.629687 0.921528 0.076042 0.118056
0 0.227083 0.675000 0.093750 0.147222
0 0.195312 0.258333 0.067708 0.113889
0 0.349479 0.215278 0.088542 0.125000
0 0.273438 0.852778 0.063542 0.130556
