0 0.271354 0.118750 0.084375 0.143056
0 0.778646 0.689583 0.092708 0.129167
0 0.481250 0.075694 0.081250 0.151389
0 0.769271 0.500000 0.107292 0.141667
0 0.143750 0.286806 0.056250 0.084722
0 0.169792 0.796528 0.112500 0.112500
0 0.275000 0.864583 0.068750 0.143056
0 0.170833 0.164583 0.087500 0.106944
0 0.273958 0.256250 0.087500 0.118056
0 0.767708 0.247222 0.085417 0.141667
0 0.351562 0.886111 0.073958 0.166667
0 0.624479 0.940972 0.071875 0.112500
0 0.203125 0.261806 0.066667 0.109722
0 0.222917 0.663194 0.097917 0.109722
0 0.749479 0.877778 0.078125 0.108333
0 0.372917 0.210417 0.120833 0.129167
0 0.634375 0.738889 0.129167 0.194444
