0 0.675521 0.499306 0.088542 0.184722
0 0.349479 0.863194 0.078125 0.137500
0 0.771875 0.272222 0.089583 0.113889
0 0.272917 0.854167 0.064583 0.136111
0 0.779167 0.693056 0.091667 0.127778
0 0.145833 0.293750 0.068750 0.081944
0 0.627083 0.923611 0.081250 0.119444
0 0.170313 0.797222 0.113542 0.111111
0 0.777604 0.497222 0.090625 0.150000
0 0.646354 0.738889 0.107292 0.163889
0 0.752083 0.876389 0.081250 0.111111
0 0.198437 0.250000 0.067708 0.113889
0 0.350521 0.222917 0.094792 0.118056
0 0.265625 0.129167 0.091667 0.127778
0 0.594792 0.077083 0.077083 0.143056
0 0.266667 0.247917 0.083333 0.131944
1 0.566146 0.181944 0.096875 0.250000
0 0.487500 0.070139 0.068750 0.140278
