0 0.170833 0.162500 0.087500 0.108333
0 0.625000 0.938889 0.079167 0.113889
0 0.350521 0.874306 0.076042 0.140278
0 0.273958 0.856250 0.070833 0.145833
0 0.169271 0.795139 0.113542 0.115278
0 0.198437 0.266667 0.061458 0.113889
0 0.266146 0.266667 0.098958 0.136111
0 0.547917 0.761806 0.106250 0.273611
0 0.769792 0.504167 0.106250 0.136111
0 0.750521 0.876389 0.078125 0.111111
0 0.265104 0.118056 0.069792 0.138889
0 0.648958 0.734028 0.087500 0.156944
0 0.485938 0.075000 0.076042 0.150000
0 0.358333 0.204167 0.068750 0.136111
0 0.144792 0.281250 0.058333 0.093056
