0 0.268750 0.125694 0.089583 0.134722
0 0.349479 0.863889 0.078125 0.136111
0 0.593229 0.084722 0.080208 0.163889
0 0.272917 0.842361 0.066667 0.126389
0 0.141146 0.293750 0.059375 0.079167
0 0.169792 0.795833 0.112500 0.113889
0 0.481771 0.074306 0.076042 0.148611
0 0.269271 0.250000 0.092708 0.130556
0 0.751042 0.875694 0.079167 0.109722
0 0.169792 0.163889 0.087500 0.102778
0 0.354167 0.223611 0.072917 0.125000
0 0.192708 0.259722 0.066667 0.111111
0 0.235937 0.699306 0.126042 0.112500
0 0.626563 0.924306 0.082292 0.115278
