0 0.778646 0.689583 0.092708 0.129167
0 0.379167 0.190972 0.104167 0.168056
0 0.271875 0.118750 0.085417 0.143056
0 0.481250 0.075000 0.081250 0.150000
0 0.769792 0.500694 0.106250 0.143056
0 0.348438 0.873611 0.080208 0.141667
0 0.143229 0.286111 0.057292 0.086111
0 0.273438 0.860417 0.067708 0.143056
0 0.170833 0.163889 0.087500 0.108333
0 0.275000 0.256250 0.087500 0.120833
0 0.169792 0.796528 0.112500 0.112500
0 0.623958 0.940278 0.077083 0.113889
0 0.766146 0.241667 0.082292 0.141667
0 0.749479 0.877778 0.078125 0.108333
1 0.543229 0.817361 0.107292 0.276389
0 0.201563 0.259028 0.073958 0.112500
