0 0.778646 0.690278 0.092708 0.130556
0 0.380729 0.191667 0.105208 0.166667
0 0.271875 0.118750 0.085417 0.143056
0 0.769792 0.500694 0.106250 0.143056
0 0.481250 0.075000 0.081250 0.150000
0 0.347917 0.873611 0.079167 0.141667
0 0.143750 0.287500 0.056250 0.086111
0 0.623437 0.939583 0.078125 0.115278
0 0.170833 0.163889 0.087500 0.105556
0 0.274479 0.256944 0.088542 0.119444
0 0.272396 0.859028 0.069792 0.145833
0 0.169271 0.795833 0.111458 0.113889
0 0.766146 0.240278 0.082292 0.141667
0 0.202083 0.263194 0.072917 0.106944
1 0.548958 0.763889 0.102083 0.291667
0 0.749479 0.877778 0.078125 0.108333
