0 0.778646 0.690278 0.092708 0.130556
0 0.272396 0.118750 0.086458 0.143056
0 0.770833 0.259722 0.091667 0.125000
0 0.171354 0.165278 0.086458 0.108333
0 0.769271 0.500694 0.107292 0.143056
0 0.482292 0.075000 0.083333 0.150000
0 0.381250 0.193750 0.114583 0.159722
0 0.532292 0.775694 0.108333 0.312500
0 0.169792 0.795833 0.112500 0.111111
0 0.623437 0.940278 0.078125 0.113889
0 0.278646 0.865278 0.071875 0.144444
0 0.271875 0.258333 0.089583 0.125000
0 0.142708 0.286111 0.056250 0.088889
0 0.749479 0.877778 0.078125 0.108333
0 0.356250 0.884028 0.068750 0.156944
0 0.632812 0.736111 0.119792 0.200000
0 0.202083 0.274306 0.070833 0.120833
