0 0.381250 0.190972 0.102083 0.168056
0 0.267188 0.265972 0.103125 0.137500
0 0.272917 0.856944 0.068750 0.150000
0 0.775000 0.269444 0.100000 0.116667
0 0.577604 0.290972 0.113542 0.248611
0 0.625000 0.938194 0.079167 0.112500
0 0.485417 0.075000 0.077083 0.150000
0 0.273958 0.118056 0.087500 0.141667
0 0.350000 0.876389 0.077083 0.141667
0 0.169792 0.795833 0.112500 0.113889
0 0.649479 0.732639 0.098958 0.154167
0 0.199479 0.265278 0.059375 0.111111
0 0.769792 0.501389 0.106250 0.138889
0 0.160417 0.161806 0.068750 0.104167
0 0.750000 0.877778 0.079167 0.108333
