0 0.675000 0.498611 0.087500 0.186111
0 0.771354 0.272917 0.088542 0.115278
0 0.359375 0.198611 0.085417 0.152778
0 0.593229 0.088194 0.080208 0.162500
0 0.646354 0.738194 0.105208 0.165278
0 0.779167 0.692361 0.093750 0.129167
0 0.348438 0.864583 0.080208 0.134722
0 0.751042 0.876389 0.079167 0.111111
0 0.268229 0.126389 0.086458 0.130556
0 0.775000 0.502083 0.097917 0.143056
0 0.169792 0.162500 0.087500 0.105556
0 0.627604 0.923611 0.082292 0.119444
0 0.269271 0.261111 0.094792 0.127778
0 0.488542 0.073611 0.070833 0.147222
0 0.140625 0.294444 0.058333 0.086111
0 0.228646 0.684028 0.096875 0.131944
0 0.272396 0.850694 0.063542 0.129167
0 0.584896 0.354167 0.111458 0.241667
0 0.170833 0.797222 0.112500 0.111111
