0 0.778646 0.690278 0.092708 0.130556
0 0.272396 0.118750 0.086458 0.143056
0 0.171354 0.165278 0.086458 0.108333
0 0.769271 0.500000 0.107292 0.141667
0 0.379688 0.194444 0.113542 0.161111
0 0.482292 0.075000 0.083333 0.150000
0 0.273438 0.254167 0.090625 0.122222
0 0.169792 0.795833 0.112500 0.113889
0 0.278125 0.866667 0.070833 0.144444
0 0.143750 0.284722 0.054167 0.088889
0 0.531771 0.824306 0.105208 0.281944
0 0.623437 0.940972 0.076042 0.112500
0 0.200521 0.272222 0.071875 0.119444
0 0.749479 0.877778 0.078125 0.108333
0 0.358854 0.885417 0.067708 0.154167
0 0.634375 0.734028 0.125000 0.193056
