0 0.363542 0.197222 0.077083 0.152778
0 0.625521 0.938194 0.080208 0.112500
0 0.170833 0.162500 0.087500 0.108333
0 0.266146 0.263889 0.101042 0.130556
0 0.274479 0.857639 0.069792 0.148611
0 0.350521 0.874306 0.076042 0.143056
0 0.200521 0.265278 0.059375 0.113889
0 0.169792 0.796528 0.112500 0.115278
0 0.769792 0.502778 0.106250 0.136111
0 0.648958 0.732639 0.095833 0.151389
0 0.266146 0.117361 0.073958 0.140278
0 0.750521 0.877778 0.078125 0.111111
0 0.145313 0.278472 0.057292 0.093056
0 0.484375 0.073611 0.075000 0.147222
1 0.566146 0.165972 0.105208 0.256944
