0 0.270313 0.121528 0.084375 0.140278
0 0.349479 0.863889 0.078125 0.136111
0 0.143229 0.293750 0.061458 0.081944
0 0.592708 0.086111 0.081250 0.161111
0 0.751042 0.875694 0.079167 0.109722
0 0.273438 0.852083 0.065625 0.134722
0 0.170833 0.796528 0.114583 0.109722
0 0.626563 0.922917 0.082292 0.118056
0 0.484896 0.074306 0.082292 0.148611
0 0.269271 0.250000 0.092708 0.130556
0 0.169792 0.162500 0.087500 0.102778
0 0.195833 0.256944 0.066667 0.113889
0 0.354167 0.223611 0.075000 0.130556
0 0.240104 0.696528 0.123958 0.115278
