0 0.350000 0.863889 0.079167 0.136111
0 0.592708 0.086111 0.081250 0.161111
0 0.226562 0.672917 0.096875 0.151389
0 0.168750 0.162500 0.087500 0.105556
0 0.266667 0.126389 0.089583 0.127778
0 0.141667 0.296528 0.056250 0.081944
0 0.751042 0.875694 0.079167 0.109722
0 0.646354 0.738194 0.105208 0.162500
0 0.346354 0.213889 0.092708 0.127778
0 0.675521 0.500694 0.086458 0.179167
0 0.273438 0.851389 0.063542 0.127778
0 0.629687 0.921528 0.078125 0.118056
0 0.770833 0.268750 0.087500 0.109722
0 0.779687 0.693056 0.090625 0.127778
