0 0.271875 0.119444 0.085417 0.141667
0 0.769792 0.500694 0.106250 0.143056
0 0.200000 0.265972 0.068750 0.112500
0 0.623958 0.939583 0.077083 0.115278
0 0.370833 0.201389 0.108333 0.147222
0 0.170313 0.163194 0.088542 0.106944
0 0.143229 0.286806 0.057292 0.087500
0 0.267188 0.269444 0.101042 0.130556
0 0.350000 0.873611 0.075000 0.138889
0 0.169792 0.795139 0.112500 0.112500
0 0.275521 0.857639 0.071875 0.151389
0 0.769271 0.243056 0.086458 0.152778
0 0.487500 0.075000 0.072917 0.150000
0 0.548438 0.717361 0.107292 0.259722
0 0.750000 0.877083 0.077083 0.109722
