0 0.382812 0.188194 0.105208 0.173611
0 0.271875 0.118750 0.085417 0.143056
0 0.143229 0.287500 0.057292 0.088889
0 0.482292 0.075000 0.081250 0.150000
0 0.269792 0.261806 0.097917 0.129167
0 0.198958 0.263194 0.070833 0.112500
0 0.769792 0.500694 0.106250 0.140278
0 0.275000 0.857639 0.072917 0.145833
0 0.170833 0.163194 0.087500 0.106944
0 0.769792 0.247917 0.085417 0.140278
0 0.350000 0.872917 0.075000 0.140278
0 0.781771 0.684722 0.098958 0.119444
0 0.169792 0.795833 0.112500 0.113889
0 0.622917 0.938889 0.077083 0.113889
0 0.591667 0.237500 0.110417 0.247222
0 0.751042 0.877083 0.079167 0.109722
0 0.222396 0.639583 0.096875 0.098611
