0 0.349479 0.863194 0.078125 0.137500
0 0.272917 0.854861 0.064583 0.137500
0 0.145833 0.293750 0.068750 0.081944
0 0.170833 0.795833 0.112500 0.111111
0 0.627083 0.923611 0.081250 0.119444
0 0.200000 0.249306 0.070833 0.115278
0 0.350000 0.223611 0.093750 0.119444
0 0.265625 0.249306 0.081250 0.126389
0 0.264583 0.130556 0.091667 0.127778
0 0.771354 0.270139 0.088542 0.109722
0 0.675000 0.501389 0.085417 0.175000
0 0.170833 0.162500 0.089583 0.100000
0 0.646354 0.738889 0.105208 0.161111
1 0.560417 0.092361 0.083333 0.181944
