0 0.349479 0.863194 0.078125 0.137500
0 0.592187 0.086806 0.080208 0.162500
0 0.272917 0.852778 0.064583 0.136111
0 0.145833 0.293750 0.068750 0.081944
0 0.169792 0.795139 0.112500 0.112500
0 0.627083 0.923611 0.081250 0.119444
0 0.483854 0.073611 0.082292 0.147222
0 0.269271 0.245139 0.092708 0.123611
0 0.200521 0.247917 0.067708 0.115278
0 0.264583 0.129861 0.093750 0.126389
0 0.351562 0.216667 0.084375 0.125000
0 0.170833 0.161806 0.089583 0.101389
0 0.771354 0.270139 0.088542 0.109722
0 0.779687 0.694444 0.088542 0.127778
