0 0.268750 0.120139 0.085417 0.148611
0 0.751042 0.875694 0.079167 0.109722
0 0.482292 0.075000 0.077083 0.150000
0 0.589063 0.087500 0.088542 0.158333
0 0.646354 0.732639 0.098958 0.151389
0 0.143229 0.290278 0.057292 0.083333
0 0.626563 0.922917 0.082292 0.120833
0 0.169792 0.163194 0.087500 0.104167
0 0.345313 0.227778 0.092708 0.116667
0 0.169271 0.795139 0.111458 0.112500
0 0.264062 0.249306 0.080208 0.131944
0 0.194271 0.259722 0.069792 0.113889
0 0.780208 0.693056 0.089583 0.125000
0 0.350521 0.876389 0.080208 0.127778
