0 0.349479 0.863889 0.078125 0.136111
0 0.592187 0.086111 0.080208 0.161111
0 0.272917 0.852083 0.064583 0.134722
0 0.626563 0.922917 0.082292 0.120833
0 0.145833 0.293750 0.066667 0.081944
0 0.266667 0.126389 0.089583 0.127778
0 0.269271 0.250000 0.092708 0.133333
0 0.170313 0.795833 0.113542 0.111111
0 0.352083 0.209028 0.077083 0.140278
0 0.171354 0.161806 0.088542 0.101389
0 0.464583 0.790278 0.102083 0.247222
0 0.200000 0.247222 0.066667 0.113889
0 0.485417 0.073611 0.081250 0.147222
0 0.230729 0.702083 0.115625 0.106944
0 0.645833 0.736806 0.104167 0.156944
