0 0.778646 0.690278 0.092708 0.130556
0 0.272396 0.118750 0.086458 0.143056
0 0.770833 0.265278 0.091667 0.116667
0 0.171354 0.165972 0.086458 0.109722
0 0.769792 0.500694 0.106250 0.143056
0 0.381771 0.196528 0.111458 0.156944
0 0.482292 0.075000 0.083333 0.150000
0 0.623437 0.939583 0.078125 0.115278
0 0.169792 0.795833 0.112500 0.111111
0 0.542708 0.718750 0.102083 0.240278
0 0.275000 0.863889 0.066667 0.141667
0 0.272396 0.262500 0.088542 0.116667
0 0.143229 0.285417 0.057292 0.087500
0 0.350000 0.872222 0.077083 0.141667
0 0.749479 0.877778 0.078125 0.108333
0 0.203646 0.274306 0.071875 0.118056
