0 0.675521 0.499306 0.088542 0.184722
0 0.350000 0.863889 0.079167 0.136111
0 0.771875 0.271528 0.089583 0.112500
0 0.144271 0.294444 0.059375 0.083333
0 0.542188 0.854861 0.109375 0.276389
0 0.646354 0.738194 0.105208 0.165278
0 0.779167 0.692361 0.091667 0.129167
0 0.592708 0.087500 0.079167 0.158333
0 0.225521 0.678472 0.094792 0.143056
0 0.779687 0.497917 0.086458 0.148611
0 0.751042 0.875694 0.079167 0.109722
0 0.267708 0.250694 0.091667 0.131944
0 0.169792 0.161806 0.089583 0.104167
0 0.265104 0.128472 0.090625 0.129167
0 0.196354 0.252083 0.069792 0.112500
0 0.273438 0.852778 0.063542 0.133333
0 0.350521 0.218750 0.090625 0.123611
0 0.630729 0.921528 0.073958 0.118056
0 0.170313 0.797222 0.113542 0.111111
