0 0.271354 0.118750 0.084375 0.143056
0 0.778646 0.689583 0.092708 0.129167
0 0.769271 0.500694 0.107292 0.143056
0 0.481250 0.075694 0.081250 0.151389
0 0.766667 0.244444 0.081250 0.147222
0 0.623958 0.940278 0.077083 0.113889
0 0.273438 0.859028 0.069792 0.140278
0 0.143229 0.286806 0.055208 0.084722
0 0.347917 0.877778 0.079167 0.150000
0 0.169792 0.796528 0.112500 0.112500
0 0.170833 0.164583 0.087500 0.106944
0 0.274479 0.256250 0.086458 0.118056
0 0.202083 0.261111 0.072917 0.111111
0 0.642708 0.740278 0.143750 0.197222
1 0.528646 0.876389 0.098958 0.247222
0 0.371875 0.205556 0.120833 0.138889
0 0.749479 0.877778 0.078125 0.108333
