0 0.379688 0.191667 0.101042 0.163889
0 0.272396 0.118750 0.086458 0.143056
0 0.145313 0.287500 0.059375 0.088889
0 0.350000 0.871528 0.075000 0.140278
0 0.769792 0.500000 0.106250 0.141667
0 0.273438 0.854861 0.073958 0.143056
0 0.270833 0.261806 0.093750 0.129167
0 0.169271 0.795833 0.113542 0.113889
0 0.623437 0.939583 0.078125 0.115278
0 0.773958 0.260417 0.097917 0.126389
0 0.170313 0.163194 0.088542 0.106944
0 0.485938 0.075000 0.076042 0.150000
0 0.749479 0.877083 0.078125 0.109722
0 0.201042 0.259722 0.056250 0.111111
