0 0.270313 0.121528 0.084375 0.140278
0 0.143750 0.293750 0.060417 0.081944
0 0.751042 0.875694 0.079167 0.109722
0 0.350000 0.863889 0.077083 0.136111
0 0.593229 0.086111 0.080208 0.161111
0 0.227083 0.684722 0.087500 0.127778
0 0.194792 0.256944 0.070833 0.116667
0 0.268750 0.251389 0.093750 0.136111
0 0.626563 0.922917 0.082292 0.118056
0 0.273958 0.852083 0.062500 0.134722
0 0.169792 0.162500 0.087500 0.102778
0 0.484896 0.072917 0.082292 0.145833
0 0.355208 0.222917 0.070833 0.129167
0 0.644792 0.738194 0.102083 0.159722
