0 0.625521 0.938194 0.080208 0.112500
0 0.170833 0.162500 0.087500 0.108333
0 0.364063 0.197222 0.080208 0.155556
0 0.266146 0.264583 0.101042 0.131944
0 0.274479 0.856944 0.069792 0.147222
0 0.350521 0.874306 0.076042 0.143056
0 0.200521 0.265278 0.059375 0.113889
0 0.169792 0.796528 0.112500 0.115278
0 0.769792 0.502778 0.106250 0.136111
0 0.648958 0.732639 0.095833 0.151389
0 0.265625 0.117361 0.072917 0.140278
0 0.750000 0.877083 0.079167 0.109722
0 0.145313 0.279167 0.057292 0.094444
0 0.483854 0.073611 0.073958 0.147222
1 0.569271 0.156944 0.111458 0.280556
