0 0.779167 0.690278 0.091667 0.130556
0 0.271875 0.118750 0.085417 0.143056
0 0.481250 0.075000 0.081250 0.150000
0 0.769271 0.500000 0.107292 0.141667
0 0.768229 0.243750 0.084375 0.151389
0 0.171875 0.163889 0.087500 0.108333
0 0.144271 0.286111 0.057292 0.086111
0 0.375000 0.202778 0.120833 0.144444
0 0.202604 0.261111 0.073958 0.113889
0 0.273438 0.258333 0.088542 0.122222
0 0.276042 0.867361 0.068750 0.148611
0 0.223438 0.651389 0.096875 0.113889
0 0.170313 0.797222 0.113542 0.113889
0 0.549479 0.907639 0.080208 0.181944
0 0.350521 0.879861 0.073958 0.151389
0 0.749479 0.877778 0.078125 0.108333
0 0.623958 0.940278 0.072917 0.111111
0 0.641667 0.733333 0.145833 0.188889
