0 0.380208 0.188889 0.100000 0.169444
0 0.272396 0.118750 0.086458 0.143056
0 0.350521 0.871528 0.076042 0.140278
0 0.774479 0.259722 0.098958 0.127778
0 0.144792 0.287500 0.058333 0.088889
0 0.769271 0.500694 0.107292 0.143056
0 0.272917 0.855556 0.072917 0.144444
0 0.169271 0.795833 0.113542 0.113889
0 0.271354 0.263194 0.094792 0.129167
0 0.170313 0.163194 0.088542 0.106944
0 0.623437 0.939583 0.078125 0.115278
0 0.486458 0.075000 0.075000 0.150000
0 0.750000 0.877083 0.079167 0.109722
0 0.201042 0.263194 0.056250 0.109722
