0 0.145833 0.288194 0.058333 0.093056
0 0.358333 0.202083 0.062500 0.140278
0 0.170833 0.161806 0.087500 0.104167
0 0.270313 0.256944 0.094792 0.116667
0 0.169792 0.795833 0.112500 0.113889
0 0.625521 0.938194 0.078125 0.112500
0 0.200521 0.252778 0.067708 0.111111
0 0.278125 0.863194 0.064583 0.145833
0 0.350000 0.888889 0.075000 0.161111
0 0.259896 0.117361 0.059375 0.137500
0 0.487500 0.072917 0.070833 0.145833
0 0.645312 0.735417 0.090625 0.156944
0 0.770312 0.509028 0.107292 0.126389
0 0.748958 0.886806 0.075000 0.120833
