0 0.778646 0.690278 0.092708 0.130556
0 0.170833 0.163194 0.085417 0.109722
0 0.770833 0.269444 0.087500 0.113889
0 0.271875 0.118750 0.085417 0.143056
0 0.373437 0.194444 0.101042 0.163889
0 0.769792 0.499306 0.106250 0.143056
0 0.348438 0.865278 0.080208 0.136111
0 0.169271 0.795833 0.113542 0.113889
0 0.479167 0.073611 0.075000 0.147222
0 0.622917 0.940278 0.077083 0.113889
0 0.275000 0.870833 0.064583 0.147222
0 0.263542 0.268056 0.108333 0.136111
0 0.546875 0.099306 0.068750 0.198611
0 0.749479 0.877778 0.078125 0.108333
0 0.193750 0.268750 0.066667 0.106944
0 0.143750 0.279861 0.062500 0.093056
0 0.616667 0.750000 0.106250 0.202778
