0 0.779167 0.690278 0.091667 0.130556
0 0.271875 0.118750 0.085417 0.143056
0 0.535937 0.889583 0.094792 0.220833
0 0.769271 0.500000 0.107292 0.141667
0 0.481771 0.075000 0.082292 0.150000
0 0.272917 0.254861 0.089583 0.126389
0 0.169792 0.795833 0.112500 0.113889
0 0.275000 0.865972 0.068750 0.145833
0 0.171354 0.162500 0.086458 0.105556
0 0.145313 0.286111 0.057292 0.086111
0 0.198437 0.256944 0.071875 0.113889
0 0.767188 0.245139 0.084375 0.148611
0 0.347917 0.879861 0.079167 0.151389
0 0.749479 0.877778 0.078125 0.108333
0 0.624479 0.940278 0.073958 0.111111
0 0.642188 0.732639 0.146875 0.190278
0 0.376042 0.210417 0.112500 0.129167
