0 0.350000 0.863889 0.079167 0.136111
0 0.592708 0.086111 0.081250 0.161111
0 0.143229 0.295833 0.059375 0.083333
0 0.227083 0.675000 0.095833 0.147222
0 0.628646 0.921528 0.080208 0.118056
0 0.751042 0.875694 0.079167 0.109722
0 0.169271 0.161806 0.088542 0.104167
0 0.267188 0.126389 0.088542 0.127778
0 0.646354 0.738889 0.105208 0.163889
0 0.273438 0.851389 0.063542 0.127778
0 0.347917 0.213889 0.091667 0.127778
0 0.771354 0.267361 0.088542 0.112500
0 0.269271 0.253472 0.092708 0.118056
0 0.675521 0.500694 0.086458 0.179167
0 0.779687 0.693056 0.090625 0.127778
