0 0.349479 0.863194 0.078125 0.137500
0 0.675521 0.502083 0.088542 0.179167
0 0.771875 0.271528 0.089583 0.112500
0 0.145833 0.293750 0.064583 0.084722
0 0.592708 0.087500 0.079167 0.158333
0 0.226042 0.683333 0.095833 0.136111
0 0.647396 0.738194 0.103125 0.165278
0 0.542708 0.805556 0.110417 0.280556
0 0.779167 0.693056 0.091667 0.127778
0 0.778646 0.499306 0.088542 0.145833
0 0.751042 0.875694 0.079167 0.109722
0 0.273438 0.852778 0.063542 0.133333
0 0.349479 0.225000 0.088542 0.127778
0 0.263021 0.245139 0.082292 0.143056
0 0.485417 0.072222 0.081250 0.144444
0 0.265625 0.129167 0.089583 0.130556
0 0.628646 0.922917 0.078125 0.118056
0 0.203646 0.242361 0.067708 0.126389
0 0.170313 0.797222 0.113542 0.111111
0 0.169792 0.161111 0.087500 0.102778
