0 0.170833 0.162500 0.087500 0.108333
0 0.625521 0.938194 0.080208 0.112500
0 0.271875 0.856250 0.066667 0.145833
0 0.198958 0.265278 0.062500 0.113889
0 0.266146 0.264583 0.098958 0.131944
0 0.769792 0.503472 0.106250 0.137500
0 0.169792 0.795833 0.112500 0.113889
0 0.358854 0.206944 0.065625 0.133333
0 0.265625 0.117361 0.072917 0.140278
0 0.347396 0.872917 0.084375 0.143056
0 0.648958 0.732639 0.095833 0.151389
0 0.751042 0.877778 0.079167 0.111111
0 0.485417 0.073611 0.077083 0.147222
0 0.143750 0.277778 0.060417 0.091667
