0 0.382812 0.188194 0.105208 0.173611
0 0.171354 0.162500 0.088542 0.108333
0 0.625521 0.938194 0.080208 0.112500
0 0.273958 0.856250 0.068750 0.148611
0 0.546354 0.113889 0.076042 0.227778
0 0.196875 0.264583 0.064583 0.115278
0 0.350521 0.874306 0.076042 0.140278
0 0.266667 0.117361 0.072917 0.140278
0 0.169792 0.797222 0.112500 0.113889
0 0.267188 0.261111 0.101042 0.130556
0 0.648438 0.731944 0.096875 0.150000
0 0.769792 0.502083 0.106250 0.137500
0 0.144271 0.280556 0.061458 0.091667
0 0.750000 0.877778 0.079167 0.108333
