0 0.625521 0.938194 0.080208 0.115278
0 0.170833 0.162500 0.087500 0.108333
0 0.273438 0.855556 0.071875 0.147222
0 0.646354 0.735417 0.092708 0.154167
0 0.199479 0.265278 0.061458 0.113889
0 0.266146 0.263889 0.098958 0.130556
0 0.168750 0.795139 0.112500 0.115278
0 0.769792 0.503472 0.106250 0.134722
0 0.350521 0.872917 0.076042 0.137500
0 0.354687 0.202083 0.071875 0.140278
0 0.750521 0.879861 0.078125 0.115278
0 0.578646 0.581250 0.123958 0.193056
0 0.259896 0.116667 0.061458 0.136111
0 0.143750 0.279861 0.062500 0.093056
