0 0.592708 0.086111 0.081250 0.161111
0 0.269792 0.126389 0.085417 0.133333
0 0.145833 0.293750 0.066667 0.081944
0 0.269271 0.249306 0.092708 0.134722
0 0.200000 0.250000 0.066667 0.116667
0 0.272396 0.853472 0.063542 0.134722
0 0.626563 0.922917 0.082292 0.118056
0 0.352604 0.211806 0.076042 0.131944
0 0.170833 0.162500 0.089583 0.100000
0 0.226042 0.687500 0.100000 0.127778
0 0.485417 0.072917 0.081250 0.145833
0 0.347396 0.827083 0.086458 0.204167
0 0.170313 0.795139 0.113542 0.112500
0 0.752604 0.877083 0.082292 0.109722
