0 0.271354 0.118750 0.084375 0.143056
0 0.769271 0.500000 0.107292 0.141667
0 0.544792 0.872917 0.089583 0.245833
0 0.266667 0.265972 0.100000 0.134722
0 0.369271 0.202083 0.109375 0.145833
0 0.274479 0.855556 0.069792 0.150000
0 0.350000 0.875000 0.075000 0.136111
0 0.169792 0.795833 0.112500 0.113889
0 0.196875 0.262500 0.068750 0.113889
0 0.170833 0.163889 0.087500 0.105556
0 0.142187 0.286806 0.055208 0.084722
0 0.488021 0.074306 0.073958 0.148611
0 0.760938 0.238889 0.071875 0.152778
0 0.628125 0.939583 0.070833 0.112500
0 0.750000 0.877083 0.077083 0.109722
