0 0.779167 0.690278 0.091667 0.130556
0 0.271354 0.118750 0.084375 0.143056
0 0.535937 0.884028 0.094792 0.226389
0 0.769271 0.500000 0.107292 0.141667
0 0.481771 0.075694 0.082292 0.151389
0 0.272917 0.254167 0.089583 0.125000
0 0.169792 0.795833 0.112500 0.113889
0 0.274479 0.865972 0.067708 0.145833
0 0.171354 0.162500 0.086458 0.105556
0 0.348438 0.879167 0.078125 0.152778
0 0.145313 0.286111 0.057292 0.086111
0 0.198437 0.256944 0.071875 0.113889
0 0.767188 0.245139 0.084375 0.145833
0 0.749479 0.877778 0.078125 0.108333
0 0.623958 0.940278 0.075000 0.111111
0 0.641667 0.732639 0.145833 0.193056
0 0.376563 0.211111 0.111458 0.127778
