0 0.625521 0.938889 0.080208 0.113889
0 0.170833 0.163194 0.087500 0.109722
0 0.273438 0.854861 0.071875 0.145833
0 0.350521 0.873611 0.076042 0.138889
0 0.169271 0.795139 0.113542 0.115278
0 0.198437 0.265972 0.061458 0.112500
0 0.265625 0.263889 0.097917 0.127778
0 0.769792 0.502778 0.106250 0.136111
0 0.557292 0.707639 0.110417 0.259722
0 0.750000 0.876389 0.077083 0.111111
0 0.651042 0.734722 0.083333 0.158333
0 0.260417 0.117361 0.060417 0.137500
0 0.354687 0.207639 0.069792 0.131944
0 0.487500 0.073611 0.075000 0.147222
0 0.144271 0.280556 0.059375 0.091667
0 0.410417 0.120139 0.077083 0.223611
