0 0.170833 0.162500 0.087500 0.108333
0 0.625000 0.938194 0.079167 0.112500
0 0.271875 0.856250 0.068750 0.145833
0 0.266667 0.264583 0.100000 0.131944
0 0.200000 0.265278 0.062500 0.113889
0 0.769792 0.503472 0.106250 0.137500
0 0.169792 0.795139 0.112500 0.115278
0 0.358333 0.202778 0.066667 0.141667
0 0.348438 0.873611 0.082292 0.144444
0 0.266146 0.117361 0.071875 0.140278
0 0.648438 0.733333 0.094792 0.152778
0 0.750521 0.879861 0.078125 0.112500
0 0.529167 0.136806 0.083333 0.265278
0 0.143750 0.278472 0.060417 0.090278
0 0.478125 0.070139 0.062500 0.140278
