0 0.349479 0.863194 0.078125 0.137500
0 0.771354 0.271528 0.090625 0.112500
0 0.672396 0.507639 0.080208 0.165278
0 0.592708 0.088194 0.079167 0.159722
0 0.779167 0.692361 0.091667 0.129167
0 0.273438 0.852778 0.063542 0.133333
0 0.751042 0.875694 0.079167 0.109722
0 0.778646 0.497917 0.088542 0.148611
0 0.170313 0.797222 0.113542 0.111111
0 0.230208 0.697917 0.110417 0.115278
0 0.263021 0.246528 0.082292 0.140278
0 0.146875 0.290972 0.072917 0.081944
0 0.566146 0.718056 0.096875 0.288889
0 0.348438 0.224306 0.090625 0.126389
0 0.167708 0.162500 0.083333 0.105556
0 0.627083 0.923611 0.081250 0.116667
0 0.488542 0.066667 0.072917 0.133333
0 0.265104 0.128472 0.090625 0.129167
