0 0.592708 0.086806 0.081250 0.162500
0 0.424479 0.802778 0.090625 0.241667
0 0.272917 0.852778 0.064583 0.133333
0 0.145313 0.293750 0.065625 0.081944
0 0.267708 0.127083 0.087500 0.131944
0 0.348438 0.863889 0.076042 0.133333
0 0.269271 0.249306 0.092708 0.131944
0 0.351042 0.207639 0.077083 0.140278
0 0.626563 0.922917 0.082292 0.118056
0 0.170313 0.795833 0.113542 0.111111
0 0.199479 0.247917 0.067708 0.115278
0 0.170833 0.161111 0.089583 0.100000
0 0.484896 0.073611 0.082292 0.147222
0 0.229687 0.699306 0.113542 0.109722
