0 0.271354 0.118750 0.084375 0.143056
0 0.372917 0.197222 0.108333 0.155556
0 0.626563 0.938194 0.076042 0.112500
0 0.267188 0.264583 0.101042 0.131944
0 0.270313 0.850000 0.078125 0.138889
0 0.196875 0.260417 0.066667 0.118056
0 0.349479 0.874306 0.076042 0.137500
0 0.170833 0.162500 0.087500 0.105556
0 0.169271 0.795833 0.111458 0.113889
0 0.771354 0.240972 0.090625 0.154167
0 0.144271 0.285417 0.055208 0.084722
0 0.487500 0.074306 0.075000 0.148611
0 0.769792 0.503472 0.106250 0.134722
0 0.653125 0.691667 0.114583 0.225000
0 0.749479 0.877778 0.076042 0.108333
1 0.528125 0.858333 0.097917 0.283333
