0 0.648958 0.730556 0.102083 0.152778
0 0.673958 0.502778 0.085417 0.175000
0 0.750000 0.875694 0.077083 0.109722
0 0.589583 0.087500 0.087500 0.158333
0 0.142187 0.290278 0.057292 0.083333
0 0.779167 0.693056 0.091667 0.127778
0 0.772917 0.270139 0.089583 0.112500
0 0.269792 0.249306 0.091667 0.131944
0 0.482292 0.072917 0.077083 0.145833
0 0.169271 0.163889 0.086458 0.102778
0 0.626563 0.923611 0.082292 0.119444
0 0.227083 0.686806 0.100000 0.126389
0 0.194271 0.259028 0.069792 0.112500
0 0.777083 0.497222 0.091667 0.152778
0 0.354687 0.222222 0.073958 0.127778
