0 0.383333 0.196528 0.116667 0.156944
0 0.675000 0.497917 0.087500 0.187500
0 0.771354 0.272917 0.088542 0.115278
0 0.268229 0.262500 0.098958 0.130556
0 0.775000 0.500000 0.097917 0.144444
0 0.646354 0.738194 0.105208 0.165278
0 0.348438 0.863889 0.080208 0.136111
0 0.779687 0.693056 0.092708 0.130556
0 0.143750 0.294444 0.060417 0.086111
0 0.267188 0.125694 0.092708 0.131944
0 0.170313 0.161111 0.088542 0.102778
0 0.193229 0.258333 0.069792 0.119444
0 0.751563 0.875694 0.080208 0.109722
0 0.595833 0.084722 0.075000 0.155556
0 0.627604 0.923611 0.082292 0.119444
0 0.272396 0.851389 0.063542 0.130556
0 0.533333 0.156250 0.075000 0.259722
0 0.170833 0.797222 0.112500 0.111111
0 0.483333 0.070833 0.062500 0.141667
