0 0.380729 0.190972 0.103125 0.168056
0 0.266667 0.265972 0.102083 0.137500
0 0.272917 0.856944 0.068750 0.150000
0 0.485938 0.075000 0.078125 0.150000
0 0.773438 0.267361 0.096875 0.118056
0 0.272917 0.118056 0.085417 0.141667
0 0.625000 0.938194 0.079167 0.112500
0 0.169792 0.795833 0.112500 0.113889
0 0.578646 0.381250 0.115625 0.215278
0 0.349479 0.876389 0.076042 0.138889
0 0.201042 0.259722 0.056250 0.119444
0 0.650000 0.736111 0.097917 0.158333
0 0.769792 0.502083 0.106250 0.137500
0 0.750521 0.878472 0.078125 0.106944
0 0.197396 0.156250 0.071875 0.109722
0 0.142708 0.279861 0.062500 0.087500
