0 0.272396 0.119444 0.086458 0.141667
0 0.769792 0.500000 0.106250 0.141667
0 0.371875 0.201389 0.106250 0.147222
0 0.170313 0.163889 0.088542 0.108333
0 0.198437 0.265972 0.071875 0.112500
0 0.350000 0.873611 0.075000 0.138889
0 0.623437 0.939583 0.080208 0.115278
0 0.267188 0.268056 0.101042 0.133333
0 0.142708 0.286111 0.056250 0.086111
0 0.169792 0.795139 0.112500 0.112500
0 0.275521 0.857639 0.071875 0.151389
0 0.767708 0.243056 0.083333 0.150000
0 0.487500 0.075000 0.075000 0.150000
0 0.560417 0.661806 0.110417 0.240278
0 0.750521 0.877083 0.078125 0.109722
