0 0.770312 0.268750 0.086458 0.115278
0 0.778646 0.690278 0.092708 0.130556
0 0.271875 0.118750 0.085417 0.143056
0 0.171354 0.164583 0.086458 0.109722
0 0.381250 0.197917 0.106250 0.154167
0 0.769271 0.500000 0.107292 0.141667
0 0.481250 0.075000 0.081250 0.150000
0 0.348958 0.865972 0.079167 0.134722
0 0.583333 0.429167 0.114583 0.194444
0 0.169271 0.795833 0.111458 0.113889
0 0.271875 0.862500 0.068750 0.150000
0 0.272917 0.260417 0.087500 0.118056
0 0.143229 0.285417 0.057292 0.087500
0 0.623437 0.939583 0.078125 0.115278
0 0.203646 0.275000 0.071875 0.119444
0 0.749479 0.877778 0.078125 0.108333
