0 0.382812 0.188194 0.111458 0.173611
0 0.675521 0.497917 0.088542 0.187500
0 0.771354 0.272917 0.088542 0.115278
0 0.268750 0.263194 0.097917 0.129167
0 0.775000 0.500000 0.097917 0.144444
0 0.646354 0.738194 0.105208 0.165278
0 0.348438 0.864583 0.080208 0.137500
0 0.779167 0.693056 0.093750 0.130556
0 0.143229 0.295139 0.059375 0.084722
0 0.170313 0.161806 0.088542 0.104167
0 0.751042 0.875694 0.079167 0.109722
0 0.627604 0.923611 0.082292 0.119444
0 0.272396 0.851389 0.063542 0.130556
0 0.488021 0.071528 0.071875 0.143056
0 0.601042 0.081944 0.064583 0.147222
0 0.552604 0.199306 0.088542 0.279167
0 0.194271 0.259028 0.071875 0.115278
0 0.274479 0.127778 0.080208 0.130556
0 0.170833 0.797222 0.112500 0.111111
0 0.229687 0.700000 0.115625 0.108333
