0 0.383854 0.190972 0.107292 0.168056
0 0.568750 0.258333 0.106250 0.266667
0 0.266667 0.265278 0.102083 0.138889
0 0.272396 0.856944 0.067708 0.150000
0 0.625000 0.938194 0.079167 0.112500
0 0.349479 0.873611 0.080208 0.144444
0 0.485417 0.075000 0.077083 0.150000
0 0.169792 0.795833 0.112500 0.113889
0 0.650000 0.731250 0.097917 0.151389
0 0.769792 0.501389 0.106250 0.138889
0 0.198437 0.265278 0.061458 0.113889
0 0.750521 0.877778 0.078125 0.108333
0 0.143750 0.281250 0.060417 0.090278
0 0.273438 0.120833 0.086458 0.144444
0 0.167708 0.162500 0.083333 0.105556
