0 0.379688 0.190972 0.101042 0.168056
0 0.272917 0.856944 0.068750 0.150000
0 0.267188 0.266667 0.103125 0.138889
0 0.774479 0.266667 0.098958 0.119444
0 0.485938 0.075000 0.078125 0.150000
0 0.625521 0.938194 0.080208 0.112500
0 0.272917 0.119444 0.087500 0.141667
0 0.169792 0.795833 0.112500 0.113889
0 0.578646 0.338194 0.115625 0.270833
0 0.349479 0.876389 0.076042 0.138889
0 0.200521 0.264583 0.057292 0.112500
0 0.650000 0.732639 0.097917 0.154167
0 0.770312 0.502083 0.105208 0.137500
0 0.750000 0.877778 0.079167 0.108333
