0 0.349479 0.863889 0.078125 0.136111
0 0.142708 0.293750 0.060417 0.084722
0 0.751042 0.875694 0.079167 0.109722
0 0.592708 0.086806 0.079167 0.159722
0 0.268229 0.257639 0.092708 0.129167
0 0.226042 0.679861 0.093750 0.137500
0 0.169792 0.162500 0.089583 0.105556
0 0.264583 0.128472 0.091667 0.129167
0 0.348958 0.214583 0.089583 0.126389
0 0.196875 0.256250 0.066667 0.115278
0 0.628646 0.921528 0.078125 0.118056
0 0.646354 0.738194 0.105208 0.162500
0 0.273438 0.853472 0.063542 0.131944
0 0.771354 0.270139 0.088542 0.109722
0 0.780208 0.693750 0.089583 0.126389
0 0.490104 0.068750 0.071875 0.137500
0 0.675521 0.500000 0.084375 0.177778
0 0.552083 0.926389 0.070833 0.141667
