0 0.779687 0.688889 0.094792 0.125000
0 0.271875 0.118750 0.085417 0.143056
0 0.386979 0.188889 0.113542 0.172222
0 0.481771 0.075000 0.080208 0.150000
0 0.143229 0.286806 0.057292 0.087500
0 0.769792 0.500694 0.106250 0.143056
0 0.274479 0.856944 0.073958 0.147222
0 0.270833 0.259722 0.095833 0.122222
0 0.765625 0.242361 0.081250 0.145833
0 0.202604 0.261111 0.071875 0.113889
0 0.349479 0.872222 0.076042 0.138889
0 0.169792 0.795833 0.112500 0.113889
0 0.170833 0.163194 0.087500 0.106944
0 0.590625 0.447917 0.118750 0.218056
0 0.623437 0.939583 0.078125 0.115278
0 0.750521 0.877083 0.078125 0.109722
0 0.630208 0.738194 0.122917 0.193056
