0 0.383333 0.188889 0.106250 0.172222
0 0.271875 0.118056 0.085417 0.144444
0 0.269271 0.259722 0.096875 0.127778
0 0.482292 0.075000 0.081250 0.150000
0 0.773438 0.260417 0.094792 0.126389
0 0.769792 0.500694 0.106250 0.140278
0 0.275521 0.857639 0.073958 0.145833
0 0.196354 0.260417 0.065625 0.112500
0 0.350521 0.872917 0.076042 0.140278
0 0.143229 0.288194 0.055208 0.087500
0 0.169792 0.795833 0.112500 0.113889
0 0.623437 0.939583 0.078125 0.115278
0 0.170833 0.163194 0.087500 0.106944
0 0.782813 0.684722 0.098958 0.119444
0 0.750000 0.877778 0.079167 0.108333
0 0.691667 0.151389 0.083333 0.161111
