0 0.626042 0.938889 0.081250 0.113889
0 0.170833 0.162500 0.087500 0.108333
0 0.273438 0.855556 0.071875 0.147222
0 0.266667 0.263889 0.100000 0.130556
0 0.769792 0.503472 0.106250 0.137500
0 0.350521 0.874306 0.076042 0.140278
0 0.198958 0.265278 0.062500 0.113889
0 0.169271 0.795833 0.111458 0.113889
0 0.646875 0.734028 0.093750 0.154167
0 0.357292 0.203472 0.068750 0.140278
0 0.263021 0.117361 0.065625 0.137500
0 0.577604 0.523611 0.119792 0.186111
0 0.750521 0.880556 0.078125 0.116667
0 0.142708 0.279167 0.062500 0.091667
