0 0.271875 0.118750 0.085417 0.143056
0 0.371875 0.201389 0.110417 0.147222
0 0.143750 0.286111 0.056250 0.086111
0 0.769271 0.500694 0.107292 0.143056
0 0.274479 0.854861 0.069792 0.148611
0 0.267708 0.259028 0.097917 0.123611
0 0.350000 0.875694 0.075000 0.137500
0 0.629167 0.938194 0.079167 0.112500
0 0.169792 0.796528 0.112500 0.112500
0 0.170833 0.161806 0.087500 0.104167
0 0.196875 0.255556 0.064583 0.113889
0 0.488021 0.074306 0.073958 0.148611
0 0.535937 0.915972 0.088542 0.162500
0 0.766146 0.236111 0.082292 0.158333
0 0.750000 0.877778 0.077083 0.111111
