0 0.382812 0.188194 0.105208 0.173611
0 0.272396 0.118750 0.086458 0.143056
0 0.482812 0.075000 0.082292 0.150000
0 0.145313 0.287500 0.059375 0.088889
0 0.271354 0.261111 0.094792 0.127778
0 0.273438 0.856250 0.071875 0.145833
0 0.350000 0.873611 0.075000 0.141667
0 0.769792 0.500694 0.106250 0.140278
0 0.169792 0.795139 0.112500 0.115278
0 0.170833 0.163194 0.087500 0.106944
0 0.783333 0.682639 0.100000 0.115278
0 0.622917 0.939583 0.077083 0.115278
0 0.198958 0.259722 0.058333 0.111111
0 0.750000 0.877778 0.079167 0.108333
0 0.770833 0.255556 0.091667 0.130556
0 0.716667 0.131250 0.095833 0.184722
