0 0.350000 0.863889 0.079167 0.136111
0 0.143229 0.295139 0.059375 0.084722
0 0.592187 0.086111 0.080208 0.161111
0 0.627604 0.922917 0.080208 0.118056
0 0.750521 0.875694 0.078125 0.109722
0 0.226562 0.680556 0.094792 0.136111
0 0.268229 0.256944 0.092708 0.127778
0 0.264583 0.128472 0.091667 0.126389
0 0.348958 0.214583 0.087500 0.126389
0 0.273958 0.852778 0.062500 0.130556
0 0.169271 0.163194 0.088542 0.104167
0 0.771875 0.270139 0.089583 0.112500
0 0.646354 0.738889 0.105208 0.163889
0 0.675521 0.500000 0.086458 0.180556
0 0.779687 0.693056 0.090625 0.127778
0 0.535417 0.919444 0.087500 0.158333
