0 0.382812 0.188194 0.105208 0.173611
0 0.170833 0.162500 0.087500 0.108333
0 0.625521 0.938889 0.080208 0.113889
0 0.350000 0.873611 0.077083 0.141667
0 0.273958 0.856250 0.068750 0.148611
0 0.169792 0.796528 0.112500 0.112500
0 0.198437 0.265278 0.061458 0.113889
0 0.769792 0.500694 0.106250 0.137500
0 0.648958 0.731944 0.095833 0.150000
0 0.266667 0.261111 0.102083 0.130556
0 0.555208 0.133333 0.083333 0.258333
0 0.484375 0.074306 0.075000 0.148611
0 0.143750 0.282639 0.060417 0.090278
0 0.750000 0.877778 0.079167 0.108333
0 0.259896 0.116667 0.059375 0.136111
