0 0.349479 0.863889 0.078125 0.136111
0 0.142708 0.294444 0.060417 0.086111
0 0.751042 0.875000 0.079167 0.111111
0 0.592708 0.086806 0.079167 0.159722
0 0.226042 0.679167 0.093750 0.138889
0 0.267708 0.257639 0.091667 0.129167
0 0.169792 0.162500 0.089583 0.105556
0 0.627604 0.922222 0.080208 0.119444
0 0.264583 0.128472 0.091667 0.129167
0 0.350521 0.217361 0.084375 0.123611
0 0.196354 0.256250 0.067708 0.115278
0 0.273438 0.852778 0.063542 0.133333
0 0.646354 0.738194 0.105208 0.162500
0 0.771354 0.270139 0.088542 0.109722
0 0.490625 0.069444 0.072917 0.138889
0 0.675521 0.500000 0.084375 0.177778
0 0.780208 0.693750 0.089583 0.126389
