0 0.675000 0.498611 0.087500 0.186111
0 0.772396 0.272222 0.090625 0.113889
0 0.592708 0.086806 0.081250 0.159722
0 0.350000 0.863889 0.079167 0.136111
0 0.779687 0.692361 0.092708 0.129167
0 0.775521 0.497917 0.094792 0.145833
0 0.627083 0.922917 0.083333 0.120833
0 0.751042 0.875694 0.079167 0.109722
0 0.344792 0.207639 0.093750 0.134722
0 0.266667 0.124306 0.087500 0.123611
0 0.270313 0.261111 0.090625 0.125000
0 0.228125 0.676389 0.093750 0.144444
0 0.167708 0.163194 0.085417 0.104167
0 0.140625 0.295833 0.058333 0.083333
0 0.273958 0.855556 0.062500 0.136111
