0 0.370833 0.193750 0.097917 0.162500
0 0.625521 0.938194 0.080208 0.112500
0 0.170833 0.162500 0.087500 0.108333
0 0.266667 0.265278 0.102083 0.133333
0 0.275000 0.856944 0.068750 0.147222
0 0.200000 0.265278 0.060417 0.113889
0 0.350521 0.874306 0.076042 0.143056
0 0.169792 0.796528 0.112500 0.115278
0 0.648958 0.731944 0.095833 0.152778
0 0.769792 0.502778 0.106250 0.136111
0 0.267188 0.117361 0.076042 0.140278
0 0.750000 0.877778 0.079167 0.108333
0 0.145833 0.279167 0.056250 0.094444
0 0.484896 0.073611 0.076042 0.147222
0 0.224479 0.635417 0.098958 0.106944
