0 0.383854 0.188194 0.107292 0.173611
0 0.271875 0.118750 0.085417 0.143056
0 0.780208 0.685417 0.095833 0.120833
0 0.143229 0.288194 0.057292 0.087500
0 0.482812 0.075000 0.082292 0.150000
0 0.269271 0.260417 0.098958 0.129167
0 0.769271 0.500694 0.107292 0.140278
0 0.199479 0.262500 0.069792 0.111111
0 0.275000 0.857639 0.072917 0.145833
0 0.170833 0.163194 0.087500 0.106944
0 0.767188 0.244444 0.082292 0.147222
0 0.585417 0.247917 0.118750 0.226389
0 0.350000 0.872917 0.075000 0.140278
0 0.622917 0.938889 0.077083 0.113889
0 0.169792 0.795833 0.112500 0.113889
0 0.751042 0.877083 0.079167 0.109722
