0 0.200521 0.263194 0.063542 0.109722
0 0.171354 0.161806 0.088542 0.106944
0 0.357292 0.197917 0.064583 0.151389
0 0.268229 0.263194 0.098958 0.123611
0 0.484896 0.075000 0.076042 0.150000
0 0.267708 0.118056 0.072917 0.141667
0 0.625521 0.937500 0.078125 0.111111
0 0.144271 0.285417 0.057292 0.095833
0 0.770312 0.503472 0.105208 0.134722
0 0.168229 0.795139 0.111458 0.112500
0 0.643750 0.736111 0.091667 0.158333
0 0.352604 0.886806 0.071875 0.154167
0 0.749479 0.878472 0.078125 0.106944
0 0.091146 0.252778 0.061458 0.100000
