0 0.271354 0.118750 0.084375 0.143056
0 0.170833 0.162500 0.087500 0.108333
0 0.371875 0.201389 0.110417 0.147222
0 0.267708 0.261111 0.100000 0.127778
0 0.769271 0.500694 0.107292 0.143056
0 0.273438 0.852778 0.073958 0.144444
0 0.349479 0.875000 0.076042 0.136111
0 0.196875 0.261111 0.064583 0.113889
0 0.169792 0.795139 0.112500 0.115278
0 0.143750 0.285417 0.056250 0.084722
0 0.628125 0.938889 0.072917 0.111111
0 0.488021 0.074306 0.073958 0.148611
0 0.758854 0.243056 0.067708 0.144444
0 0.749479 0.877778 0.076042 0.108333
0 0.537500 0.900694 0.097917 0.190278
