0 0.751042 0.875694 0.079167 0.109722
0 0.645833 0.734722 0.093750 0.155556
0 0.267188 0.260417 0.094792 0.120833
0 0.169792 0.795833 0.112500 0.113889
0 0.535417 0.879167 0.097917 0.233333
0 0.276042 0.857639 0.068750 0.145833
0 0.170313 0.161111 0.086458 0.105556
0 0.769792 0.502778 0.106250 0.136111
0 0.485938 0.074306 0.076042 0.148611
0 0.353125 0.202778 0.072917 0.141667
0 0.627604 0.938889 0.071875 0.111111
0 0.203125 0.252778 0.060417 0.116667
0 0.352083 0.886111 0.072917 0.158333
0 0.148438 0.281250 0.059375 0.090278
0 0.359896 0.078472 0.061458 0.151389
