0 0.380208 0.190278 0.100000 0.166667
0 0.272396 0.118750 0.086458 0.143056
0 0.350521 0.870833 0.076042 0.138889
0 0.145313 0.287500 0.059375 0.088889
0 0.273438 0.854861 0.073958 0.143056
0 0.769271 0.500000 0.107292 0.141667
0 0.169271 0.795833 0.113542 0.113889
0 0.271354 0.262500 0.094792 0.130556
0 0.170313 0.163194 0.088542 0.106944
0 0.771875 0.262500 0.093750 0.125000
0 0.623437 0.939583 0.078125 0.115278
0 0.486458 0.075000 0.075000 0.150000
0 0.749479 0.877083 0.078125 0.109722
0 0.201042 0.261111 0.056250 0.111111
