0 0.381250 0.190278 0.104167 0.169444
0 0.171354 0.162500 0.088542 0.108333
0 0.625521 0.938194 0.080208 0.112500
0 0.273958 0.856250 0.068750 0.148611
0 0.196875 0.264583 0.066667 0.115278
0 0.267188 0.261111 0.101042 0.130556
0 0.350521 0.874306 0.076042 0.140278
0 0.169792 0.796528 0.112500 0.115278
0 0.267188 0.118056 0.073958 0.141667
0 0.648958 0.731944 0.095833 0.152778
0 0.769792 0.502083 0.106250 0.137500
0 0.750521 0.877778 0.078125 0.108333
0 0.543229 0.111111 0.065625 0.222222
0 0.143750 0.279861 0.062500 0.093056
0 0.481771 0.074306 0.069792 0.148611
