0 0.770312 0.268750 0.086458 0.115278
0 0.778646 0.690278 0.092708 0.130556
0 0.272396 0.118750 0.086458 0.143056
0 0.171354 0.165972 0.086458 0.109722
0 0.769792 0.500000 0.106250 0.141667
0 0.378125 0.201389 0.108333 0.147222
0 0.481771 0.075000 0.082292 0.150000
0 0.272917 0.859028 0.066667 0.143056
0 0.348438 0.865278 0.080208 0.136111
0 0.169271 0.795833 0.111458 0.113889
0 0.271875 0.259028 0.089583 0.115278
0 0.143229 0.283333 0.057292 0.088889
0 0.622917 0.938889 0.077083 0.113889
0 0.749479 0.877778 0.078125 0.108333
0 0.201042 0.270833 0.072917 0.111111
1 0.589583 0.263194 0.106250 0.243056
