0 0.381250 0.188194 0.102083 0.173611
0 0.272396 0.118056 0.086458 0.141667
0 0.350000 0.873611 0.075000 0.141667
0 0.143750 0.287500 0.056250 0.088889
0 0.482292 0.075000 0.081250 0.150000
0 0.270833 0.262500 0.095833 0.127778
0 0.770312 0.500000 0.107292 0.141667
0 0.170313 0.163194 0.088542 0.106944
0 0.273958 0.855556 0.072917 0.141667
0 0.169271 0.795833 0.113542 0.113889
0 0.623437 0.939583 0.078125 0.115278
0 0.773438 0.247917 0.094792 0.148611
0 0.750000 0.877083 0.079167 0.109722
0 0.197396 0.265278 0.057292 0.102778
0 0.781771 0.672917 0.094792 0.101389
