0 0.627083 0.937500 0.081250 0.113889
0 0.145833 0.288194 0.060417 0.095833
0 0.270313 0.256944 0.090625 0.113889
0 0.169792 0.797222 0.112500 0.113889
0 0.769792 0.502778 0.106250 0.136111
0 0.357812 0.200694 0.065625 0.143056
0 0.277604 0.865278 0.067708 0.147222
0 0.642708 0.735417 0.095833 0.154167
0 0.170313 0.163194 0.082292 0.109722
0 0.353125 0.889583 0.070833 0.162500
0 0.486979 0.073611 0.071875 0.147222
0 0.203125 0.255556 0.062500 0.105556
0 0.259896 0.117361 0.059375 0.134722
0 0.749479 0.877778 0.078125 0.108333
