0 0.770312 0.269444 0.086458 0.113889
0 0.778646 0.690972 0.092708 0.129167
0 0.272396 0.118750 0.086458 0.143056
0 0.769271 0.500000 0.107292 0.141667
0 0.377604 0.202778 0.111458 0.144444
0 0.479687 0.074306 0.078125 0.148611
0 0.170833 0.165278 0.087500 0.108333
0 0.348958 0.865972 0.079167 0.134722
0 0.169271 0.795833 0.111458 0.113889
0 0.272917 0.860417 0.066667 0.143056
0 0.145313 0.281250 0.057292 0.090278
0 0.271354 0.257639 0.090625 0.115278
0 0.622917 0.939583 0.077083 0.115278
0 0.197917 0.269444 0.070833 0.111111
0 0.749479 0.877778 0.078125 0.108333
1 0.570833 0.143750 0.097917 0.251389
