0 0.170833 0.162500 0.087500 0.108333
0 0.626042 0.937500 0.081250 0.113889
0 0.266667 0.263889 0.100000 0.130556
0 0.273438 0.855556 0.071875 0.147222
0 0.198958 0.265278 0.062500 0.113889
0 0.769792 0.503472 0.106250 0.137500
0 0.350521 0.873611 0.076042 0.141667
0 0.169792 0.795139 0.112500 0.115278
0 0.264583 0.117361 0.068750 0.137500
0 0.357292 0.200000 0.068750 0.147222
0 0.646875 0.734028 0.093750 0.154167
0 0.575000 0.507639 0.112500 0.198611
0 0.750521 0.881250 0.078125 0.115278
0 0.142708 0.279167 0.062500 0.091667
