0 0.170833 0.162500 0.087500 0.108333
0 0.144271 0.287500 0.057292 0.094444
0 0.198437 0.263889 0.063542 0.108333
0 0.270313 0.258333 0.092708 0.113889
0 0.626042 0.938194 0.079167 0.112500
0 0.265625 0.118750 0.070833 0.137500
0 0.277604 0.864583 0.067708 0.143056
0 0.356771 0.197222 0.065625 0.152778
0 0.769792 0.503472 0.106250 0.134722
0 0.170313 0.796528 0.111458 0.112500
0 0.352083 0.886806 0.072917 0.156944
0 0.488542 0.072917 0.068750 0.145833
0 0.030729 0.340278 0.055208 0.116667
0 0.644792 0.735417 0.089583 0.156944
0 0.749479 0.878472 0.078125 0.106944
