0 0.778646 0.690278 0.092708 0.130556
0 0.271354 0.118750 0.084375 0.143056
0 0.769271 0.500694 0.107292 0.140278
0 0.481771 0.075694 0.082292 0.151389
0 0.272396 0.254167 0.090625 0.125000
0 0.171354 0.163194 0.086458 0.106944
0 0.169792 0.795833 0.112500 0.113889
0 0.534375 0.856250 0.095833 0.276389
0 0.198958 0.259722 0.068750 0.113889
0 0.275000 0.865972 0.068750 0.143056
0 0.767188 0.245139 0.086458 0.145833
0 0.143229 0.286111 0.055208 0.086111
0 0.351042 0.878472 0.075000 0.151389
0 0.623958 0.939583 0.075000 0.112500
0 0.749479 0.877778 0.078125 0.108333
0 0.372917 0.209722 0.120833 0.130556
