0 0.778646 0.690278 0.092708 0.130556
0 0.771354 0.264583 0.092708 0.118056
0 0.272396 0.118750 0.086458 0.143056
0 0.171354 0.165972 0.086458 0.109722
0 0.769792 0.500694 0.106250 0.143056
0 0.482292 0.075000 0.083333 0.150000
0 0.623437 0.939583 0.078125 0.115278
0 0.382812 0.196528 0.115625 0.156944
0 0.169792 0.795833 0.112500 0.111111
0 0.276562 0.864583 0.069792 0.143056
0 0.272396 0.262500 0.088542 0.116667
0 0.143229 0.285417 0.057292 0.087500
0 0.535417 0.736806 0.093750 0.251389
0 0.351562 0.875694 0.073958 0.145833
0 0.749479 0.877778 0.078125 0.108333
0 0.203646 0.274306 0.071875 0.118056
0 0.640625 0.736111 0.091667 0.200000
