0 0.625521 0.938194 0.080208 0.112500
0 0.170833 0.162500 0.087500 0.108333
0 0.360938 0.199306 0.071875 0.148611
0 0.273958 0.856944 0.068750 0.147222
0 0.200521 0.265278 0.059375 0.113889
0 0.266146 0.263889 0.101042 0.130556
0 0.350000 0.872917 0.077083 0.143056
0 0.769792 0.503472 0.106250 0.137500
0 0.265625 0.117361 0.072917 0.140278
0 0.169792 0.795833 0.112500 0.113889
0 0.648958 0.732639 0.095833 0.151389
0 0.750521 0.878472 0.078125 0.109722
0 0.144271 0.277778 0.059375 0.091667
0 0.484896 0.073611 0.076042 0.147222
1 0.575000 0.190972 0.106250 0.284722
