0 0.380208 0.191667 0.102083 0.166667
0 0.266667 0.265972 0.102083 0.137500
0 0.773958 0.267361 0.097917 0.120833
0 0.272917 0.856944 0.068750 0.150000
0 0.625000 0.938194 0.079167 0.112500
0 0.577604 0.358333 0.115625 0.252778
0 0.485417 0.075000 0.077083 0.150000
0 0.272396 0.118750 0.086458 0.140278
0 0.169792 0.795833 0.112500 0.113889
0 0.349479 0.876389 0.076042 0.138889
0 0.201042 0.263194 0.056250 0.112500
0 0.769792 0.502083 0.106250 0.137500
0 0.650000 0.732639 0.097917 0.156944
0 0.750000 0.878472 0.079167 0.106944
