0 0.380729 0.191667 0.103125 0.166667
0 0.271875 0.118056 0.085417 0.141667
0 0.625521 0.938889 0.078125 0.113889
0 0.273438 0.856250 0.069792 0.148611
0 0.267708 0.264583 0.102083 0.134722
0 0.772396 0.267361 0.094792 0.118056
0 0.485938 0.075000 0.078125 0.150000
0 0.169792 0.796528 0.112500 0.115278
0 0.143229 0.282639 0.061458 0.087500
0 0.350000 0.876389 0.075000 0.138889
0 0.582812 0.461111 0.119792 0.211111
0 0.650521 0.736111 0.098958 0.158333
0 0.769792 0.502778 0.106250 0.138889
0 0.750000 0.877778 0.079167 0.108333
0 0.169792 0.168056 0.081250 0.105556
