0 0.778646 0.690278 0.092708 0.130556
0 0.271875 0.118750 0.085417 0.143056
0 0.380729 0.189583 0.105208 0.170833
0 0.769792 0.500694 0.106250 0.143056
0 0.481771 0.075000 0.080208 0.150000
0 0.143750 0.287500 0.056250 0.086111
0 0.348438 0.872917 0.078125 0.140278
0 0.623958 0.940278 0.079167 0.113889
0 0.274479 0.256944 0.088542 0.119444
0 0.170833 0.163194 0.087500 0.106944
0 0.272396 0.859028 0.069792 0.145833
0 0.169792 0.795833 0.112500 0.113889
0 0.203125 0.261111 0.070833 0.111111
0 0.766146 0.240278 0.082292 0.141667
1 0.554688 0.725000 0.105208 0.266667
0 0.749479 0.877778 0.078125 0.108333
