0 0.383333 0.188194 0.106250 0.173611
0 0.271875 0.118056 0.085417 0.144444
0 0.268750 0.260417 0.097917 0.129167
0 0.482812 0.075000 0.082292 0.150000
0 0.771875 0.264583 0.093750 0.123611
0 0.782292 0.684722 0.097917 0.119444
0 0.769792 0.500694 0.106250 0.140278
0 0.275521 0.857639 0.073958 0.145833
0 0.350000 0.872222 0.075000 0.138889
0 0.170833 0.163194 0.087500 0.106944
0 0.623437 0.939583 0.078125 0.115278
0 0.142187 0.286806 0.055208 0.087500
0 0.169792 0.795833 0.112500 0.113889
0 0.196354 0.260417 0.067708 0.112500
0 0.750000 0.877778 0.079167 0.108333
0 0.654167 0.170833 0.114583 0.191667
