0 0.778646 0.690278 0.092708 0.130556
0 0.271875 0.118750 0.085417 0.143056
0 0.769271 0.500694 0.107292 0.143056
0 0.481250 0.075000 0.081250 0.150000
0 0.623958 0.939583 0.077083 0.115278
0 0.143229 0.286806 0.055208 0.084722
0 0.766667 0.242361 0.081250 0.145833
0 0.347917 0.877778 0.081250 0.147222
0 0.273958 0.859722 0.066667 0.141667
0 0.274479 0.256250 0.086458 0.118056
0 0.169792 0.796528 0.112500 0.112500
0 0.170833 0.164583 0.087500 0.106944
0 0.201563 0.261111 0.071875 0.111111
0 0.372396 0.201389 0.115625 0.147222
0 0.647396 0.740278 0.138542 0.200000
0 0.749479 0.877778 0.078125 0.108333
1 0.529687 0.847917 0.098958 0.293056
