0 0.271354 0.118750 0.084375 0.143056
0 0.170833 0.162500 0.087500 0.108333
0 0.267188 0.265278 0.101042 0.133333
0 0.372396 0.200694 0.109375 0.148611
0 0.272917 0.851389 0.077083 0.141667
0 0.769271 0.500000 0.107292 0.144444
0 0.196875 0.261806 0.064583 0.115278
0 0.350000 0.875000 0.075000 0.136111
0 0.143750 0.286111 0.056250 0.086111
0 0.169792 0.795139 0.112500 0.115278
0 0.628125 0.939583 0.072917 0.112500
0 0.488021 0.074306 0.073958 0.148611
0 0.749479 0.877778 0.076042 0.108333
0 0.764583 0.239583 0.079167 0.151389
