0 0.268750 0.125694 0.089583 0.134722
0 0.349479 0.863889 0.078125 0.136111
0 0.593229 0.084722 0.080208 0.163889
0 0.141667 0.293750 0.060417 0.079167
0 0.482812 0.073611 0.078125 0.147222
0 0.269271 0.250000 0.092708 0.130556
0 0.271354 0.840278 0.067708 0.122222
0 0.751042 0.876389 0.079167 0.108333
0 0.169271 0.795833 0.111458 0.111111
0 0.169792 0.163889 0.087500 0.102778
0 0.231250 0.696528 0.110417 0.115278
0 0.354167 0.223611 0.072917 0.125000
0 0.192708 0.259722 0.066667 0.111111
0 0.626563 0.924306 0.082292 0.115278
