0 0.672396 0.506944 0.080208 0.166667
0 0.349479 0.863194 0.078125 0.137500
0 0.771875 0.271528 0.089583 0.112500
0 0.592708 0.086806 0.079167 0.162500
0 0.778646 0.692361 0.092708 0.129167
0 0.751042 0.875694 0.079167 0.109722
0 0.627083 0.923611 0.083333 0.119444
0 0.272917 0.852778 0.064583 0.133333
0 0.146875 0.292361 0.070833 0.081944
0 0.170833 0.797222 0.112500 0.111111
0 0.778646 0.497917 0.088542 0.148611
0 0.263542 0.245833 0.083333 0.141667
0 0.348438 0.225000 0.090625 0.127778
0 0.572396 0.681944 0.126042 0.236111
0 0.164583 0.161806 0.079167 0.104167
0 0.265104 0.129861 0.090625 0.131944
0 0.230729 0.702083 0.115625 0.109722
0 0.488542 0.067361 0.072917 0.134722
