0 0.543750 0.869444 0.100000 0.252778
0 0.675000 0.498611 0.087500 0.186111
0 0.646354 0.738194 0.105208 0.165278
0 0.771875 0.272222 0.089583 0.113889
0 0.349479 0.863889 0.078125 0.136111
0 0.779167 0.692361 0.093750 0.129167
0 0.143750 0.295139 0.058333 0.084722
0 0.751042 0.875694 0.079167 0.109722
0 0.592708 0.087500 0.079167 0.158333
0 0.268229 0.254861 0.092708 0.129167
0 0.194792 0.256944 0.070833 0.113889
0 0.779167 0.497917 0.087500 0.148611
0 0.169792 0.161806 0.089583 0.104167
0 0.265104 0.128472 0.090625 0.129167
0 0.226562 0.676389 0.094792 0.144444
0 0.630729 0.922222 0.073958 0.116667
0 0.272917 0.852778 0.064583 0.130556
0 0.350000 0.215972 0.089583 0.126389
