0 0.271875 0.118750 0.087500 0.143056
0 0.350521 0.872917 0.076042 0.143056
0 0.370833 0.204167 0.104167 0.138889
0 0.769792 0.500694 0.106250 0.143056
0 0.144792 0.287500 0.058333 0.086111
0 0.623958 0.939583 0.079167 0.115278
0 0.169271 0.795139 0.113542 0.112500
0 0.170313 0.162500 0.088542 0.105556
0 0.276042 0.856944 0.070833 0.144444
0 0.270313 0.259028 0.094792 0.123611
0 0.197396 0.259028 0.063542 0.109722
0 0.486979 0.075000 0.073958 0.150000
0 0.581250 0.461111 0.118750 0.213889
0 0.750000 0.877083 0.077083 0.109722
