0 0.271875 0.118750 0.087500 0.143056
0 0.350521 0.872917 0.076042 0.143056
0 0.370312 0.203472 0.103125 0.140278
0 0.769792 0.500000 0.106250 0.141667
0 0.144271 0.287500 0.057292 0.086111
0 0.622917 0.938889 0.079167 0.113889
0 0.169271 0.795833 0.113542 0.113889
0 0.170313 0.162500 0.088542 0.105556
0 0.276562 0.856944 0.071875 0.144444
0 0.270313 0.259722 0.094792 0.125000
0 0.195833 0.259722 0.062500 0.111111
0 0.486458 0.075000 0.075000 0.150000
0 0.578125 0.472917 0.118750 0.187500
0 0.750000 0.877083 0.077083 0.109722
0 0.770833 0.247917 0.089583 0.140278
