0 0.778646 0.690278 0.092708 0.130556
0 0.379688 0.191667 0.111458 0.166667
0 0.171354 0.163194 0.086458 0.109722
0 0.770833 0.268750 0.087500 0.115278
0 0.271875 0.118750 0.085417 0.143056
0 0.769792 0.499306 0.106250 0.143056
0 0.268229 0.260417 0.096875 0.126389
0 0.479167 0.074306 0.075000 0.148611
0 0.348438 0.865278 0.080208 0.136111
0 0.169271 0.795833 0.113542 0.113889
0 0.197396 0.268056 0.071875 0.108333
0 0.623437 0.940278 0.078125 0.113889
0 0.275000 0.871528 0.066667 0.148611
0 0.145833 0.279861 0.058333 0.090278
0 0.750000 0.877778 0.079167 0.108333
0 0.615104 0.752778 0.111458 0.208333
0 0.549479 0.097222 0.067708 0.194444
