0 0.170833 0.163194 0.087500 0.109722
0 0.625000 0.938889 0.079167 0.113889
0 0.273438 0.855556 0.071875 0.147222
0 0.350521 0.873611 0.076042 0.138889
0 0.169271 0.795833 0.113542 0.113889
0 0.198437 0.266667 0.061458 0.113889
0 0.266146 0.265278 0.098958 0.130556
0 0.548958 0.751389 0.106250 0.255556
0 0.769792 0.504167 0.106250 0.136111
0 0.750521 0.876389 0.078125 0.111111
0 0.486979 0.074306 0.076042 0.148611
0 0.357292 0.204861 0.068750 0.137500
0 0.649479 0.734028 0.086458 0.156944
0 0.263542 0.118056 0.066667 0.138889
0 0.144792 0.281250 0.058333 0.093056
