0 0.381771 0.193750 0.113542 0.162500
0 0.675521 0.497917 0.088542 0.187500
0 0.771354 0.272917 0.088542 0.115278
0 0.268750 0.263194 0.097917 0.129167
0 0.646354 0.738194 0.105208 0.165278
0 0.775000 0.500000 0.097917 0.144444
0 0.348438 0.864583 0.080208 0.137500
0 0.779687 0.693056 0.092708 0.130556
0 0.143229 0.295139 0.061458 0.084722
0 0.596875 0.083333 0.072917 0.152778
0 0.170313 0.161111 0.088542 0.102778
0 0.751563 0.875694 0.080208 0.109722
0 0.542188 0.165278 0.080208 0.255556
0 0.271354 0.127083 0.086458 0.131944
0 0.193229 0.257639 0.071875 0.118056
0 0.627604 0.923611 0.082292 0.119444
0 0.271875 0.851389 0.064583 0.130556
0 0.486979 0.073611 0.069792 0.147222
0 0.170833 0.797222 0.112500 0.111111
