0 0.380208 0.188889 0.100000 0.169444
0 0.272396 0.118056 0.086458 0.141667
0 0.482812 0.075694 0.082292 0.151389
0 0.350000 0.871528 0.075000 0.140278
0 0.273438 0.855556 0.073958 0.141667
0 0.143750 0.287500 0.056250 0.088889
0 0.270313 0.263889 0.094792 0.133333
0 0.769792 0.500000 0.106250 0.141667
0 0.170833 0.163194 0.087500 0.106944
0 0.169792 0.795833 0.112500 0.113889
0 0.623437 0.939583 0.078125 0.115278
0 0.197917 0.266667 0.062500 0.108333
0 0.771875 0.257639 0.093750 0.131944
0 0.750000 0.877083 0.079167 0.109722
