0 0.170833 0.162500 0.087500 0.108333
0 0.271875 0.856944 0.066667 0.147222
0 0.625000 0.938194 0.077083 0.112500
0 0.359896 0.204861 0.065625 0.137500
0 0.200000 0.265278 0.060417 0.113889
0 0.266667 0.264583 0.100000 0.129167
0 0.769792 0.503472 0.106250 0.137500
0 0.169792 0.795833 0.112500 0.113889
0 0.485938 0.074306 0.078125 0.148611
0 0.266146 0.117361 0.073958 0.140278
0 0.648958 0.732639 0.095833 0.151389
0 0.347396 0.873611 0.084375 0.144444
0 0.751042 0.877778 0.079167 0.111111
0 0.143750 0.277778 0.060417 0.091667
