0 0.271875 0.118056 0.085417 0.141667
0 0.780729 0.688194 0.094792 0.123611
0 0.386979 0.188889 0.113542 0.172222
0 0.143229 0.287500 0.057292 0.088889
0 0.481771 0.075000 0.080208 0.150000
0 0.765625 0.242361 0.081250 0.145833
0 0.269792 0.259722 0.097917 0.122222
0 0.769792 0.500694 0.106250 0.143056
0 0.274479 0.856944 0.073958 0.147222
0 0.201042 0.261111 0.070833 0.113889
0 0.350000 0.872222 0.075000 0.138889
0 0.169792 0.796528 0.112500 0.112500
0 0.170833 0.163194 0.087500 0.106944
0 0.623437 0.939583 0.078125 0.115278
0 0.584896 0.356944 0.115625 0.208333
0 0.750521 0.877778 0.078125 0.108333
