0 0.380729 0.192361 0.103125 0.165278
0 0.271875 0.118056 0.085417 0.141667
0 0.267708 0.262500 0.102083 0.136111
0 0.625000 0.938889 0.079167 0.113889
0 0.273958 0.856250 0.068750 0.148611
0 0.772396 0.268056 0.094792 0.116667
0 0.486458 0.075000 0.077083 0.150000
0 0.142708 0.286806 0.058333 0.084722
0 0.169792 0.795833 0.112500 0.113889
0 0.349479 0.876389 0.076042 0.138889
0 0.590625 0.495139 0.129167 0.176389
0 0.769792 0.502083 0.106250 0.137500
0 0.750000 0.877778 0.079167 0.108333
0 0.651563 0.735417 0.101042 0.156944
0 0.198958 0.255556 0.062500 0.125000
