0 0.589583 0.087500 0.087500 0.155556
0 0.673958 0.503472 0.083333 0.173611
0 0.269792 0.126389 0.087500 0.127778
0 0.750000 0.875694 0.077083 0.109722
0 0.142187 0.292361 0.059375 0.084722
0 0.268229 0.252083 0.094792 0.134722
0 0.482292 0.072917 0.077083 0.145833
0 0.226562 0.675694 0.092708 0.143056
0 0.772917 0.268056 0.089583 0.111111
0 0.169271 0.163889 0.086458 0.102778
0 0.779687 0.693750 0.090625 0.126389
0 0.626042 0.924306 0.081250 0.118056
0 0.646875 0.735417 0.097917 0.156944
0 0.195833 0.258333 0.070833 0.108333
