0 0.271354 0.118750 0.084375 0.143056
0 0.197917 0.260417 0.066667 0.115278
0 0.371875 0.201389 0.110417 0.147222
0 0.769271 0.500694 0.107292 0.143056
0 0.272917 0.852778 0.072917 0.144444
0 0.267708 0.259722 0.100000 0.122222
0 0.144271 0.285417 0.057292 0.084722
0 0.350000 0.875000 0.075000 0.136111
0 0.169792 0.795833 0.112500 0.113889
0 0.628646 0.938194 0.076042 0.112500
0 0.170313 0.163194 0.088542 0.104167
0 0.766146 0.238194 0.080208 0.154167
0 0.488021 0.074306 0.073958 0.148611
0 0.750000 0.877778 0.077083 0.108333
