0 0.271354 0.118750 0.084375 0.143056
0 0.371875 0.201389 0.110417 0.147222
0 0.769271 0.500694 0.107292 0.143056
0 0.273438 0.852778 0.071875 0.144444
0 0.196875 0.258333 0.064583 0.116667
0 0.143750 0.286111 0.056250 0.086111
0 0.350000 0.875000 0.075000 0.136111
0 0.267708 0.259722 0.100000 0.125000
0 0.169271 0.795833 0.111458 0.113889
0 0.628646 0.938194 0.076042 0.112500
0 0.170313 0.163194 0.088542 0.104167
0 0.768750 0.235417 0.085417 0.159722
0 0.487500 0.074306 0.075000 0.148611
0 0.750000 0.877778 0.077083 0.108333
