0 0.778646 0.690278 0.092708 0.130556
0 0.171354 0.163194 0.086458 0.109722
0 0.378125 0.191667 0.110417 0.166667
0 0.770312 0.268750 0.086458 0.115278
0 0.272396 0.118750 0.086458 0.143056
0 0.769792 0.500000 0.106250 0.141667
0 0.272917 0.257639 0.087500 0.118056
0 0.479687 0.074306 0.076042 0.148611
0 0.348438 0.865278 0.080208 0.136111
0 0.169271 0.795833 0.113542 0.113889
0 0.623437 0.940278 0.078125 0.113889
0 0.275000 0.871528 0.064583 0.148611
0 0.145833 0.279861 0.058333 0.090278
0 0.750000 0.877083 0.079167 0.109722
0 0.198958 0.269444 0.075000 0.111111
0 0.614583 0.750694 0.112500 0.204167
0 0.553125 0.104861 0.072917 0.209722
