0 0.626042 0.938194 0.081250 0.115278
0 0.170833 0.162500 0.087500 0.108333
0 0.350521 0.873611 0.076042 0.138889
0 0.272917 0.854861 0.072917 0.145833
0 0.264583 0.264583 0.097917 0.129167
0 0.769792 0.503472 0.106250 0.137500
0 0.169271 0.795139 0.113542 0.115278
0 0.198437 0.265972 0.061458 0.112500
0 0.750521 0.877083 0.078125 0.112500
0 0.647396 0.734028 0.090625 0.159722
0 0.259896 0.117361 0.059375 0.137500
0 0.563021 0.665972 0.109375 0.284722
0 0.352604 0.205556 0.076042 0.133333
0 0.487500 0.072917 0.075000 0.145833
0 0.143750 0.280556 0.060417 0.091667
0 0.413021 0.119444 0.076042 0.225000
