0 0.349479 0.863194 0.078125 0.137500
0 0.592187 0.086806 0.080208 0.162500
0 0.145833 0.293750 0.068750 0.081944
0 0.272917 0.852778 0.064583 0.136111
0 0.169792 0.795139 0.112500 0.112500
0 0.627083 0.923611 0.081250 0.119444
0 0.263542 0.129861 0.095833 0.126389
0 0.483854 0.073611 0.082292 0.147222
0 0.268229 0.247222 0.094792 0.122222
0 0.350521 0.215972 0.084375 0.126389
0 0.170833 0.161806 0.089583 0.101389
0 0.771354 0.270139 0.088542 0.109722
0 0.200521 0.250000 0.065625 0.113889
0 0.779167 0.694444 0.089583 0.127778
