0 0.271354 0.118750 0.086458 0.143056
0 0.268750 0.260417 0.097917 0.129167
0 0.370833 0.201389 0.104167 0.144444
0 0.769792 0.500000 0.106250 0.141667
0 0.350000 0.874306 0.075000 0.140278
0 0.197917 0.262500 0.066667 0.111111
0 0.170313 0.163194 0.088542 0.106944
0 0.277083 0.856944 0.070833 0.147222
0 0.169792 0.795833 0.112500 0.113889
0 0.143750 0.286806 0.056250 0.084722
0 0.622396 0.938889 0.078125 0.113889
0 0.767188 0.246528 0.084375 0.143056
0 0.486979 0.075000 0.076042 0.150000
0 0.750000 0.877083 0.077083 0.109722
