0 0.383854 0.190278 0.107292 0.169444
0 0.266667 0.265972 0.102083 0.140278
0 0.625000 0.938889 0.079167 0.113889
0 0.271875 0.856944 0.066667 0.150000
0 0.485417 0.073611 0.077083 0.147222
0 0.347396 0.873611 0.082292 0.144444
0 0.169792 0.796528 0.112500 0.112500
0 0.650521 0.731250 0.098958 0.151389
0 0.555729 0.212500 0.103125 0.275000
0 0.198437 0.265278 0.063542 0.113889
0 0.770312 0.502083 0.105208 0.137500
0 0.789062 0.265972 0.111458 0.123611
0 0.172396 0.162500 0.090625 0.108333
0 0.750521 0.877778 0.078125 0.108333
0 0.272396 0.119444 0.088542 0.141667
