0 0.771354 0.272917 0.088542 0.115278
0 0.592708 0.088194 0.081250 0.162500
0 0.779167 0.693056 0.093750 0.130556
0 0.646354 0.738194 0.105208 0.165278
0 0.675000 0.497222 0.087500 0.188889
0 0.350000 0.202778 0.081250 0.144444
0 0.774479 0.502083 0.098958 0.145833
0 0.751042 0.875694 0.079167 0.109722
0 0.267188 0.125694 0.086458 0.126389
0 0.348958 0.865278 0.079167 0.133333
0 0.627604 0.923611 0.082292 0.119444
0 0.269792 0.261806 0.093750 0.126389
0 0.169271 0.163194 0.086458 0.104167
0 0.228125 0.681250 0.093750 0.134722
0 0.489063 0.073611 0.069792 0.147222
0 0.140625 0.294444 0.058333 0.086111
0 0.272917 0.852778 0.062500 0.130556
