0 0.778646 0.690278 0.092708 0.130556
0 0.271354 0.118750 0.084375 0.143056
0 0.769271 0.500000 0.107292 0.141667
0 0.481771 0.075694 0.082292 0.151389
0 0.171354 0.163889 0.086458 0.108333
0 0.272396 0.254861 0.090625 0.126389
0 0.169792 0.795833 0.112500 0.113889
0 0.275521 0.865972 0.069792 0.145833
0 0.533333 0.850000 0.097917 0.294444
0 0.142708 0.286111 0.054167 0.086111
0 0.198437 0.262500 0.071875 0.111111
0 0.623958 0.940278 0.075000 0.113889
0 0.767708 0.246528 0.085417 0.143056
0 0.352604 0.881944 0.071875 0.158333
0 0.749479 0.877778 0.078125 0.108333
0 0.373437 0.207639 0.121875 0.134722
