0 0.349479 0.863194 0.078125 0.137500
0 0.145833 0.294444 0.068750 0.080556
0 0.169792 0.795139 0.112500 0.112500
0 0.272396 0.851389 0.065625 0.133333
0 0.627083 0.923611 0.081250 0.119444
0 0.200000 0.249306 0.068750 0.115278
0 0.263542 0.248611 0.083333 0.130556
0 0.771354 0.270139 0.088542 0.109722
0 0.594271 0.079167 0.078125 0.144444
0 0.569792 0.215278 0.095833 0.269444
0 0.349479 0.219444 0.092708 0.127778
0 0.263542 0.130556 0.093750 0.127778
0 0.170833 0.161806 0.089583 0.098611
0 0.675521 0.501389 0.086458 0.175000
0 0.488542 0.064583 0.068750 0.129167
0 0.646354 0.737500 0.105208 0.158333
