0 0.378646 0.197917 0.101042 0.154167
0 0.778646 0.690278 0.092708 0.130556
0 0.769271 0.263194 0.086458 0.118056
0 0.171354 0.165972 0.086458 0.109722
0 0.272396 0.118750 0.086458 0.143056
0 0.769271 0.500000 0.107292 0.141667
0 0.481250 0.075000 0.081250 0.150000
0 0.349479 0.866667 0.078125 0.136111
0 0.169792 0.795833 0.112500 0.111111
0 0.623437 0.938889 0.078125 0.113889
0 0.274479 0.864583 0.067708 0.143056
0 0.143229 0.285417 0.057292 0.087500
0 0.273438 0.261806 0.086458 0.115278
0 0.203646 0.274306 0.071875 0.118056
0 0.749479 0.877778 0.078125 0.108333
