0 0.380729 0.188889 0.101042 0.169444
0 0.272396 0.118056 0.086458 0.141667
0 0.482292 0.075000 0.083333 0.150000
0 0.350000 0.872917 0.075000 0.140278
0 0.273438 0.855556 0.073958 0.141667
0 0.769792 0.500000 0.106250 0.141667
0 0.169271 0.795833 0.113542 0.113889
0 0.270833 0.263194 0.095833 0.131944
0 0.144271 0.286806 0.057292 0.087500
0 0.170833 0.163194 0.087500 0.106944
0 0.623437 0.939583 0.078125 0.115278
0 0.196875 0.267361 0.064583 0.112500
0 0.771875 0.254167 0.093750 0.136111
0 0.750000 0.877083 0.079167 0.109722
