0 0.169271 0.795833 0.113542 0.113889
0 0.268229 0.262500 0.096875 0.125000
0 0.198437 0.261806 0.065625 0.115278
0 0.275000 0.857639 0.070833 0.145833
0 0.625521 0.938194 0.078125 0.112500
0 0.484896 0.075000 0.076042 0.150000
0 0.770312 0.503472 0.105208 0.134722
0 0.643750 0.736806 0.093750 0.159722
0 0.355208 0.202083 0.068750 0.143056
0 0.260417 0.117361 0.068750 0.137500
0 0.451562 0.805556 0.094792 0.236111
0 0.352083 0.888194 0.070833 0.154167
0 0.142187 0.279861 0.059375 0.090278
0 0.749479 0.880556 0.078125 0.111111
