0 0.268750 0.120139 0.085417 0.145833
0 0.751042 0.875694 0.079167 0.109722
0 0.589063 0.086806 0.088542 0.159722
0 0.646354 0.732639 0.098958 0.154167
0 0.482292 0.074306 0.077083 0.148611
0 0.142708 0.290972 0.056250 0.081944
0 0.269271 0.250000 0.090625 0.130556
0 0.626563 0.922917 0.082292 0.120833
0 0.169271 0.795139 0.111458 0.112500
0 0.347396 0.215278 0.088542 0.127778
0 0.779687 0.693750 0.090625 0.126389
0 0.169271 0.163194 0.086458 0.104167
0 0.673958 0.502083 0.083333 0.173611
0 0.772917 0.269444 0.089583 0.111111
0 0.194271 0.259722 0.069792 0.113889
