0 0.350000 0.863194 0.077083 0.137500
0 0.592187 0.084722 0.080208 0.155556
0 0.272396 0.851389 0.065625 0.133333
0 0.145833 0.294444 0.068750 0.080556
0 0.169792 0.795139 0.112500 0.112500
0 0.627083 0.923611 0.081250 0.119444
0 0.200521 0.248611 0.069792 0.116667
0 0.482292 0.073611 0.083333 0.147222
0 0.265104 0.247917 0.086458 0.131944
0 0.574479 0.252083 0.105208 0.254167
0 0.350521 0.218056 0.090625 0.125000
0 0.771354 0.269444 0.088542 0.108333
0 0.264062 0.130556 0.092708 0.127778
0 0.170833 0.161806 0.089583 0.098611
