0 0.349479 0.863889 0.078125 0.136111
0 0.142708 0.294444 0.060417 0.083333
0 0.751042 0.875694 0.079167 0.109722
0 0.592708 0.087500 0.079167 0.158333
0 0.268750 0.258333 0.093750 0.127778
0 0.170313 0.162500 0.088542 0.105556
0 0.265104 0.128472 0.092708 0.126389
0 0.226042 0.677083 0.093750 0.145833
0 0.646354 0.738889 0.105208 0.163889
0 0.349479 0.213194 0.086458 0.129167
0 0.628646 0.921528 0.078125 0.118056
0 0.197917 0.256250 0.068750 0.115278
0 0.273438 0.852083 0.063542 0.131944
0 0.771354 0.270833 0.088542 0.111111
0 0.540104 0.918056 0.090625 0.161111
0 0.779167 0.693056 0.089583 0.127778
0 0.675000 0.500000 0.085417 0.177778
0 0.490104 0.068750 0.071875 0.137500
