0 0.541667 0.875000 0.091667 0.247222
0 0.349479 0.863889 0.078125 0.136111
0 0.142708 0.295139 0.060417 0.084722
0 0.750521 0.875694 0.078125 0.109722
0 0.592708 0.087500 0.079167 0.158333
0 0.646875 0.738194 0.104167 0.162500
0 0.268229 0.256944 0.092708 0.127778
0 0.629167 0.921528 0.077083 0.118056
0 0.169792 0.162500 0.087500 0.105556
0 0.264583 0.128472 0.091667 0.126389
0 0.226562 0.675694 0.094792 0.145833
0 0.348958 0.215278 0.089583 0.125000
0 0.771354 0.270139 0.088542 0.109722
0 0.273438 0.852778 0.063542 0.130556
0 0.779167 0.693056 0.089583 0.127778
0 0.196875 0.257639 0.070833 0.112500
0 0.674479 0.500000 0.084375 0.177778
