0 0.170833 0.162500 0.087500 0.108333
0 0.625521 0.938194 0.080208 0.112500
0 0.272917 0.856250 0.068750 0.145833
0 0.359375 0.202083 0.066667 0.140278
0 0.266667 0.264583 0.100000 0.129167
0 0.200000 0.265278 0.060417 0.113889
0 0.769792 0.503472 0.106250 0.137500
0 0.169792 0.795833 0.112500 0.113889
0 0.266146 0.117361 0.073958 0.140278
0 0.348958 0.872917 0.081250 0.143056
0 0.648958 0.731944 0.095833 0.152778
0 0.485938 0.074306 0.078125 0.148611
0 0.751042 0.877778 0.079167 0.108333
0 0.143750 0.277778 0.060417 0.091667
1 0.589583 0.201389 0.125000 0.344444
