0 0.751042 0.875694 0.079167 0.112500
0 0.170833 0.161806 0.087500 0.106944
0 0.266667 0.260417 0.095833 0.123611
0 0.197396 0.258333 0.065625 0.116667
0 0.647396 0.734028 0.090625 0.154167
0 0.169792 0.795833 0.112500 0.113889
0 0.276042 0.857639 0.068750 0.145833
0 0.485417 0.075000 0.077083 0.150000
0 0.769792 0.502778 0.106250 0.136111
0 0.351562 0.880556 0.073958 0.152778
0 0.546875 0.850694 0.097917 0.290278
0 0.353125 0.202778 0.075000 0.144444
0 0.254167 0.118056 0.052083 0.133333
0 0.146354 0.281250 0.055208 0.090278
0 0.629167 0.938889 0.068750 0.108333
