0 0.271354 0.118750 0.084375 0.143056
0 0.371354 0.202083 0.111458 0.145833
0 0.769792 0.500694 0.106250 0.143056
0 0.274479 0.854861 0.071875 0.148611
0 0.267708 0.264583 0.100000 0.131944
0 0.350000 0.875694 0.075000 0.137500
0 0.626563 0.938194 0.076042 0.112500
0 0.169271 0.795833 0.111458 0.113889
0 0.535417 0.909028 0.087500 0.181944
0 0.765625 0.236111 0.079167 0.155556
0 0.196875 0.256944 0.068750 0.113889
0 0.170833 0.162500 0.087500 0.102778
0 0.488021 0.074306 0.073958 0.148611
0 0.141146 0.285417 0.053125 0.084722
0 0.750000 0.878472 0.077083 0.109722
