0 0.675521 0.499306 0.088542 0.184722
0 0.349479 0.863194 0.078125 0.137500
0 0.771354 0.271528 0.090625 0.112500
0 0.272917 0.854861 0.064583 0.137500
0 0.145833 0.293750 0.068750 0.081944
0 0.627083 0.923611 0.081250 0.119444
0 0.779167 0.693056 0.091667 0.127778
0 0.169792 0.797222 0.112500 0.111111
0 0.777604 0.497222 0.090625 0.150000
0 0.646354 0.738889 0.107292 0.163889
0 0.752083 0.876389 0.081250 0.111111
0 0.350521 0.223611 0.092708 0.116667
0 0.265625 0.129167 0.091667 0.127778
0 0.199479 0.250000 0.067708 0.113889
0 0.266667 0.247917 0.083333 0.129167
0 0.487500 0.070139 0.068750 0.140278
1 0.565104 0.168056 0.096875 0.261111
