0 0.626042 0.937500 0.079167 0.111111
0 0.269792 0.256944 0.091667 0.116667
0 0.145833 0.288889 0.058333 0.091667
0 0.169792 0.796528 0.112500 0.112500
0 0.354167 0.197917 0.070833 0.148611
0 0.351042 0.888889 0.075000 0.166667
0 0.278125 0.863889 0.064583 0.147222
0 0.170313 0.161111 0.086458 0.105556
0 0.259896 0.118056 0.059375 0.136111
0 0.487500 0.073611 0.070833 0.147222
0 0.202604 0.248611 0.069792 0.113889
0 0.770312 0.509028 0.107292 0.126389
0 0.644271 0.735417 0.094792 0.156944
0 0.749479 0.878472 0.078125 0.109722
