0 0.349479 0.863194 0.078125 0.137500
0 0.674479 0.501389 0.086458 0.180556
0 0.592708 0.087500 0.079167 0.161111
0 0.771875 0.271528 0.089583 0.112500
0 0.145833 0.293056 0.068750 0.080556
0 0.750521 0.875000 0.078125 0.111111
0 0.272917 0.852778 0.064583 0.133333
0 0.627083 0.923611 0.081250 0.119444
0 0.170313 0.796528 0.113542 0.109722
0 0.779167 0.693056 0.091667 0.127778
0 0.488021 0.074306 0.073958 0.148611
0 0.646354 0.738889 0.107292 0.163889
0 0.349479 0.224306 0.090625 0.120833
0 0.265104 0.127778 0.092708 0.127778
0 0.201563 0.249306 0.063542 0.115278
0 0.170313 0.161111 0.090625 0.102778
0 0.778646 0.496528 0.088542 0.151389
0 0.264062 0.249306 0.082292 0.134722
