0 0.271354 0.118750 0.084375 0.143056
0 0.170833 0.162500 0.087500 0.108333
0 0.372396 0.201389 0.109375 0.147222
0 0.267188 0.263194 0.101042 0.131944
0 0.196875 0.261806 0.064583 0.115278
0 0.272917 0.852083 0.075000 0.143056
0 0.769792 0.500000 0.106250 0.144444
0 0.349479 0.875000 0.076042 0.136111
0 0.143750 0.286111 0.056250 0.086111
0 0.169792 0.795139 0.112500 0.115278
0 0.628125 0.939583 0.072917 0.112500
0 0.488021 0.074306 0.073958 0.148611
0 0.763021 0.241667 0.078125 0.147222
0 0.749479 0.878472 0.076042 0.106944
