0 0.271354 0.118750 0.084375 0.143056
0 0.769792 0.263889 0.089583 0.122222
0 0.220833 0.642361 0.104167 0.118056
0 0.372917 0.197917 0.108333 0.154167
0 0.627083 0.938889 0.079167 0.113889
0 0.267188 0.263889 0.101042 0.133333
0 0.170833 0.162500 0.087500 0.105556
0 0.270833 0.854167 0.072917 0.147222
0 0.196875 0.259722 0.070833 0.116667
0 0.349479 0.874306 0.076042 0.137500
0 0.769792 0.503472 0.106250 0.137500
0 0.487500 0.075000 0.075000 0.150000
0 0.169271 0.795833 0.111458 0.113889
0 0.144271 0.286111 0.053125 0.083333
0 0.750000 0.877778 0.077083 0.108333
0 0.648438 0.678472 0.123958 0.209722
1 0.554688 0.778472 0.107292 0.309722
