0 0.271354 0.119444 0.084375 0.141667
0 0.769792 0.500694 0.106250 0.143056
0 0.350000 0.872917 0.075000 0.140278
0 0.198958 0.265278 0.066667 0.111111
0 0.143750 0.285417 0.056250 0.087500
0 0.268750 0.264583 0.097917 0.126389
0 0.170833 0.163889 0.087500 0.105556
0 0.625000 0.938889 0.079167 0.116667
0 0.369792 0.201389 0.108333 0.147222
0 0.169792 0.795139 0.112500 0.112500
0 0.536458 0.743750 0.102083 0.290278
0 0.275000 0.857639 0.070833 0.151389
0 0.487500 0.075000 0.072917 0.150000
0 0.750000 0.877083 0.077083 0.109722
0 0.768229 0.242361 0.086458 0.154167
