0 0.349479 0.863194 0.078125 0.137500
0 0.675521 0.506250 0.086458 0.170833
0 0.771875 0.271528 0.089583 0.112500
0 0.145833 0.292361 0.068750 0.081944
0 0.592708 0.088194 0.079167 0.159722
0 0.545833 0.792361 0.116667 0.265278
0 0.779167 0.693056 0.091667 0.127778
0 0.226042 0.687500 0.097917 0.130556
0 0.778646 0.498611 0.088542 0.147222
0 0.647396 0.738194 0.101042 0.165278
0 0.273438 0.852778 0.063542 0.133333
0 0.751042 0.875694 0.079167 0.109722
0 0.486458 0.071528 0.079167 0.143056
0 0.348958 0.225000 0.089583 0.127778
0 0.262500 0.246528 0.081250 0.140278
0 0.265625 0.129167 0.089583 0.130556
0 0.170313 0.797222 0.113542 0.111111
0 0.169792 0.161806 0.087500 0.104167
0 0.205208 0.238889 0.064583 0.127778
0 0.627083 0.923611 0.081250 0.116667
