0 0.377083 0.194444 0.104167 0.158333
0 0.626042 0.938889 0.079167 0.113889
0 0.271875 0.118750 0.085417 0.143056
0 0.267708 0.263889 0.100000 0.133333
0 0.771875 0.267361 0.093750 0.118056
0 0.273958 0.855556 0.070833 0.150000
0 0.197396 0.259722 0.067708 0.116667
0 0.350000 0.875000 0.075000 0.136111
0 0.169792 0.795833 0.112500 0.113889
0 0.485938 0.075000 0.078125 0.150000
0 0.769792 0.502778 0.106250 0.136111
0 0.171354 0.163194 0.088542 0.104167
0 0.750000 0.877778 0.077083 0.108333
0 0.145833 0.288889 0.054167 0.080556
1 0.561458 0.687500 0.108333 0.216667
