0 0.272396 0.118750 0.086458 0.143056
0 0.769792 0.500694 0.106250 0.143056
0 0.351042 0.872222 0.075000 0.141667
0 0.273438 0.855556 0.071875 0.144444
0 0.143750 0.287500 0.056250 0.088889
0 0.376563 0.209722 0.107292 0.127778
0 0.270313 0.260417 0.094792 0.126389
0 0.169271 0.795833 0.113542 0.113889
0 0.486458 0.075000 0.075000 0.150000
0 0.623437 0.939583 0.078125 0.115278
0 0.775521 0.259722 0.094792 0.127778
0 0.170313 0.162500 0.088542 0.105556
0 0.196354 0.268750 0.063542 0.134722
0 0.750521 0.877083 0.078125 0.109722
1 0.593750 0.292361 0.091667 0.259722
