0 0.271354 0.118750 0.084375 0.143056
0 0.373437 0.195833 0.107292 0.158333
0 0.170833 0.163194 0.087500 0.106944
0 0.197396 0.261806 0.065625 0.115278
0 0.270833 0.848611 0.079167 0.136111
0 0.267188 0.263889 0.101042 0.130556
0 0.349479 0.875694 0.076042 0.137500
0 0.626563 0.938889 0.076042 0.111111
0 0.143750 0.286111 0.056250 0.086111
0 0.169271 0.796528 0.111458 0.115278
0 0.769271 0.504861 0.107292 0.134722
0 0.487500 0.074306 0.075000 0.148611
0 0.761979 0.238889 0.073958 0.152778
0 0.749479 0.877778 0.076042 0.108333
