0 0.778646 0.690278 0.092708 0.130556
0 0.379688 0.196528 0.105208 0.156944
0 0.770833 0.265278 0.089583 0.116667
0 0.272396 0.118750 0.086458 0.143056
0 0.171354 0.165972 0.086458 0.109722
0 0.769271 0.500694 0.107292 0.143056
0 0.481771 0.075000 0.082292 0.150000
0 0.623437 0.939583 0.078125 0.115278
0 0.169792 0.795833 0.112500 0.111111
0 0.143229 0.285417 0.057292 0.087500
0 0.273958 0.863889 0.066667 0.144444
0 0.273438 0.261806 0.086458 0.115278
0 0.349479 0.868750 0.078125 0.137500
0 0.202604 0.274306 0.071875 0.118056
0 0.749479 0.877083 0.078125 0.109722
0 0.558333 0.665972 0.108333 0.276389
0 0.645312 0.734028 0.078125 0.195833
