0 0.270313 0.121528 0.084375 0.140278
0 0.350000 0.863889 0.077083 0.136111
0 0.592708 0.086111 0.081250 0.161111
0 0.143229 0.294444 0.061458 0.080556
0 0.751042 0.875694 0.079167 0.109722
0 0.273438 0.852083 0.065625 0.134722
0 0.626563 0.922917 0.082292 0.118056
0 0.269271 0.249306 0.090625 0.131944
0 0.485417 0.073611 0.081250 0.147222
0 0.169792 0.162500 0.087500 0.102778
0 0.194271 0.257639 0.067708 0.112500
0 0.170313 0.796528 0.113542 0.109722
0 0.230208 0.697917 0.104167 0.106944
0 0.354167 0.223611 0.072917 0.127778
0 0.645312 0.738194 0.103125 0.159722
