0 0.771875 0.272917 0.089583 0.115278
0 0.779687 0.693056 0.092708 0.130556
0 0.646354 0.738194 0.105208 0.165278
0 0.592708 0.087500 0.081250 0.161111
0 0.775000 0.499306 0.095833 0.145833
0 0.751042 0.875694 0.079167 0.109722
0 0.350000 0.864583 0.077083 0.134722
0 0.627604 0.923611 0.082292 0.119444
0 0.676562 0.500000 0.086458 0.186111
0 0.266667 0.125000 0.087500 0.125000
0 0.348958 0.207639 0.087500 0.134722
0 0.270313 0.262500 0.092708 0.127778
0 0.140625 0.295139 0.058333 0.084722
0 0.168229 0.163889 0.086458 0.102778
0 0.228125 0.677083 0.093750 0.143056
0 0.273438 0.856250 0.063542 0.134722
0 0.490104 0.070139 0.069792 0.140278
