0 0.270833 0.122222 0.083333 0.141667
0 0.350000 0.863889 0.077083 0.136111
0 0.143750 0.294444 0.060417 0.080556
0 0.751042 0.875694 0.079167 0.109722
0 0.592708 0.086111 0.081250 0.161111
0 0.273958 0.852083 0.064583 0.134722
0 0.626563 0.922917 0.082292 0.118056
0 0.269792 0.249306 0.091667 0.131944
0 0.485417 0.072917 0.083333 0.145833
0 0.193750 0.257639 0.068750 0.112500
0 0.169792 0.162500 0.087500 0.102778
0 0.230208 0.693750 0.097917 0.115278
0 0.354687 0.223611 0.071875 0.127778
0 0.170313 0.796528 0.113542 0.109722
0 0.645833 0.738194 0.104167 0.159722
0 0.771354 0.270139 0.088542 0.109722
