0 0.383333 0.188194 0.106250 0.173611
0 0.271875 0.118750 0.085417 0.143056
0 0.772396 0.263194 0.092708 0.126389
0 0.482292 0.075000 0.081250 0.150000
0 0.268750 0.261806 0.097917 0.129167
0 0.769792 0.500694 0.106250 0.140278
0 0.170833 0.163194 0.087500 0.106944
0 0.142708 0.288194 0.056250 0.087500
0 0.275521 0.857639 0.073958 0.145833
0 0.196875 0.261806 0.066667 0.112500
0 0.350000 0.872222 0.075000 0.138889
0 0.782813 0.682639 0.098958 0.115278
0 0.169792 0.795833 0.112500 0.113889
0 0.622917 0.938889 0.077083 0.113889
0 0.750521 0.877778 0.078125 0.108333
0 0.614583 0.174306 0.100000 0.226389
