0 0.350000 0.863889 0.079167 0.136111
0 0.143229 0.295139 0.059375 0.084722
0 0.592708 0.086111 0.081250 0.161111
0 0.751042 0.875694 0.079167 0.109722
0 0.628125 0.921528 0.081250 0.118056
0 0.170313 0.161806 0.088542 0.106944
0 0.264583 0.127083 0.091667 0.129167
0 0.227083 0.679167 0.093750 0.138889
0 0.267708 0.256944 0.093750 0.127778
0 0.646354 0.738889 0.105208 0.163889
0 0.347917 0.214583 0.089583 0.126389
0 0.273438 0.851389 0.063542 0.127778
0 0.772396 0.268056 0.090625 0.111111
0 0.675521 0.500694 0.086458 0.179167
0 0.779687 0.693056 0.090625 0.127778
