0 0.271354 0.118750 0.084375 0.143056
0 0.372917 0.195833 0.108333 0.158333
0 0.170833 0.163194 0.087500 0.106944
0 0.197917 0.261806 0.064583 0.115278
0 0.267188 0.263889 0.101042 0.133333
0 0.270833 0.849306 0.079167 0.137500
0 0.627083 0.938889 0.077083 0.111111
0 0.349479 0.874306 0.076042 0.137500
0 0.144271 0.286111 0.055208 0.086111
0 0.169271 0.796528 0.111458 0.115278
0 0.769792 0.504861 0.106250 0.134722
0 0.487500 0.074306 0.075000 0.148611
0 0.749479 0.877778 0.076042 0.108333
0 0.764583 0.239583 0.079167 0.154167
1 0.526563 0.877778 0.096875 0.241667
0 0.644271 0.700000 0.109375 0.208333
