0 0.349479 0.863889 0.078125 0.138889
0 0.269792 0.124306 0.087500 0.137500
0 0.592708 0.086111 0.081250 0.161111
0 0.272396 0.852083 0.065625 0.134722
0 0.751042 0.875694 0.079167 0.109722
0 0.482292 0.073611 0.077083 0.147222
0 0.169792 0.795139 0.112500 0.112500
0 0.141146 0.293750 0.061458 0.079167
0 0.626563 0.922917 0.082292 0.118056
0 0.269792 0.249306 0.091667 0.129167
0 0.354167 0.222917 0.072917 0.126389
0 0.169271 0.165972 0.086458 0.098611
0 0.644271 0.738194 0.101042 0.159722
0 0.193750 0.260417 0.066667 0.109722
