0 0.271354 0.118750 0.084375 0.143056
0 0.350000 0.872917 0.077083 0.140278
0 0.267708 0.265972 0.097917 0.131944
0 0.769792 0.500694 0.106250 0.143056
0 0.369271 0.202083 0.109375 0.145833
0 0.626042 0.939583 0.077083 0.115278
0 0.198437 0.264583 0.067708 0.112500
0 0.142708 0.285417 0.056250 0.087500
0 0.170313 0.163194 0.088542 0.106944
0 0.530208 0.819444 0.104167 0.288889
0 0.169271 0.795139 0.113542 0.112500
0 0.275000 0.857639 0.070833 0.151389
0 0.749479 0.877083 0.078125 0.109722
0 0.488021 0.075000 0.073958 0.150000
0 0.765104 0.240278 0.080208 0.155556
