0 0.778646 0.690278 0.092708 0.130556
0 0.770312 0.269444 0.086458 0.113889
0 0.376042 0.194444 0.108333 0.161111
0 0.272396 0.118750 0.086458 0.143056
0 0.170833 0.163194 0.087500 0.109722
0 0.769271 0.500000 0.107292 0.141667
0 0.479167 0.074306 0.075000 0.148611
0 0.169271 0.795833 0.113542 0.113889
0 0.347917 0.865278 0.081250 0.136111
0 0.273438 0.255556 0.086458 0.116667
0 0.275000 0.870833 0.064583 0.147222
0 0.623437 0.940278 0.078125 0.113889
0 0.145313 0.280556 0.059375 0.091667
0 0.750000 0.877778 0.079167 0.108333
0 0.198437 0.268056 0.073958 0.108333
0 0.614583 0.749306 0.112500 0.198611
