0 0.350000 0.863889 0.077083 0.138889
0 0.269271 0.126389 0.088542 0.130556
0 0.592708 0.086111 0.081250 0.161111
0 0.273438 0.852083 0.065625 0.134722
0 0.751042 0.875694 0.079167 0.109722
0 0.481771 0.074306 0.076042 0.148611
0 0.141667 0.294444 0.060417 0.080556
0 0.169792 0.795139 0.112500 0.112500
0 0.626563 0.922917 0.082292 0.118056
0 0.269271 0.249306 0.092708 0.129167
0 0.354167 0.222917 0.072917 0.126389
0 0.643750 0.738194 0.100000 0.159722
0 0.169271 0.165278 0.086458 0.100000
0 0.193229 0.260417 0.065625 0.109722
0 0.226042 0.706250 0.112500 0.098611
