0 0.379688 0.190972 0.101042 0.165278
0 0.626042 0.938889 0.081250 0.113889
0 0.266667 0.264583 0.102083 0.134722
0 0.170833 0.162500 0.087500 0.108333
0 0.273958 0.856944 0.068750 0.150000
0 0.199479 0.263889 0.059375 0.113889
0 0.350521 0.874306 0.076042 0.143056
0 0.169792 0.796528 0.112500 0.115278
0 0.223438 0.632639 0.101042 0.115278
0 0.648958 0.732639 0.095833 0.151389
0 0.769792 0.502083 0.106250 0.137500
0 0.266667 0.116667 0.072917 0.141667
0 0.144271 0.277778 0.059375 0.091667
0 0.482812 0.073611 0.071875 0.147222
0 0.750000 0.877778 0.077083 0.108333
1 0.577083 0.083333 0.077083 0.163889
