0 0.383333 0.188194 0.106250 0.173611
0 0.271875 0.118750 0.085417 0.143056
0 0.482812 0.075000 0.082292 0.150000
0 0.143229 0.287500 0.057292 0.088889
0 0.269271 0.261806 0.098958 0.129167
0 0.769792 0.500000 0.106250 0.141667
0 0.770833 0.253472 0.087500 0.137500
0 0.198958 0.263194 0.070833 0.112500
0 0.275521 0.857639 0.073958 0.145833
0 0.170833 0.163194 0.087500 0.106944
0 0.782292 0.684028 0.100000 0.118056
0 0.350000 0.872917 0.075000 0.140278
0 0.169792 0.795833 0.112500 0.113889
0 0.622917 0.938889 0.077083 0.113889
0 0.594792 0.229167 0.108333 0.261111
0 0.222396 0.637500 0.096875 0.102778
0 0.751042 0.877778 0.079167 0.108333
