0 0.770312 0.269444 0.086458 0.113889
0 0.778646 0.690278 0.092708 0.130556
0 0.272396 0.118750 0.086458 0.143056
0 0.769792 0.500000 0.106250 0.141667
0 0.378125 0.202778 0.110417 0.144444
0 0.170833 0.165278 0.087500 0.108333
0 0.272917 0.859028 0.066667 0.143056
0 0.348438 0.865972 0.080208 0.134722
0 0.480208 0.073611 0.079167 0.147222
0 0.169271 0.795833 0.111458 0.113889
0 0.271875 0.258333 0.089583 0.113889
0 0.622917 0.940278 0.077083 0.113889
0 0.143229 0.282639 0.059375 0.090278
0 0.198437 0.270139 0.071875 0.109722
0 0.749479 0.877778 0.078125 0.108333
1 0.576042 0.181250 0.089583 0.259722
