0 0.268750 0.121528 0.085417 0.145833
0 0.751042 0.875694 0.079167 0.109722
0 0.589063 0.087500 0.088542 0.158333
0 0.482292 0.075000 0.077083 0.150000
0 0.643750 0.735417 0.097917 0.156944
0 0.142187 0.290972 0.057292 0.081944
0 0.626563 0.923611 0.082292 0.119444
0 0.169271 0.795833 0.111458 0.111111
0 0.169792 0.163194 0.087500 0.104167
0 0.265104 0.249306 0.082292 0.131944
0 0.346354 0.227083 0.092708 0.115278
0 0.193750 0.259028 0.068750 0.112500
0 0.352083 0.874306 0.081250 0.126389
0 0.780208 0.693750 0.089583 0.126389
0 0.772396 0.268750 0.088542 0.109722
