0 0.271354 0.118750 0.084375 0.143056
0 0.370833 0.202083 0.112500 0.145833
0 0.266667 0.265972 0.100000 0.134722
0 0.769792 0.500000 0.106250 0.141667
0 0.274479 0.854861 0.071875 0.148611
0 0.141146 0.286806 0.053125 0.084722
0 0.538542 0.907639 0.091667 0.184722
0 0.350000 0.875694 0.075000 0.137500
0 0.169271 0.795833 0.111458 0.113889
0 0.626563 0.938194 0.076042 0.112500
0 0.170313 0.163194 0.088542 0.104167
0 0.197396 0.259028 0.069792 0.115278
0 0.765104 0.236806 0.080208 0.156944
0 0.488021 0.074306 0.073958 0.148611
0 0.749479 0.877778 0.076042 0.111111
