0 0.383854 0.188889 0.107292 0.172222
0 0.266667 0.265278 0.102083 0.138889
0 0.625521 0.938889 0.080208 0.113889
0 0.272396 0.856944 0.067708 0.150000
0 0.348438 0.875000 0.080208 0.141667
0 0.170313 0.162500 0.086458 0.108333
0 0.551562 0.185417 0.103125 0.279167
0 0.169792 0.797222 0.112500 0.113889
0 0.484896 0.073611 0.076042 0.147222
0 0.198437 0.265278 0.061458 0.113889
0 0.650000 0.731250 0.097917 0.151389
0 0.769792 0.501389 0.106250 0.138889
0 0.750521 0.877778 0.078125 0.108333
0 0.798438 0.252083 0.105208 0.143056
0 0.143229 0.281250 0.059375 0.087500
