0 0.751042 0.876389 0.079167 0.111111
0 0.169792 0.795833 0.112500 0.113889
0 0.534896 0.888194 0.094792 0.220833
0 0.276042 0.857639 0.068750 0.145833
0 0.267188 0.262500 0.096875 0.125000
0 0.769792 0.503472 0.106250 0.134722
0 0.485417 0.075000 0.077083 0.150000
0 0.646875 0.734722 0.093750 0.155556
0 0.626563 0.939583 0.073958 0.112500
0 0.169792 0.161111 0.087500 0.105556
0 0.352604 0.886806 0.071875 0.162500
0 0.354687 0.204861 0.071875 0.137500
0 0.203646 0.252083 0.059375 0.118056
0 0.147917 0.281250 0.058333 0.090278
