0 0.271354 0.118750 0.084375 0.143056
0 0.372396 0.198611 0.111458 0.152778
0 0.267188 0.263889 0.101042 0.133333
0 0.170313 0.162500 0.088542 0.105556
0 0.766667 0.246528 0.081250 0.143056
0 0.195312 0.261806 0.069792 0.118056
0 0.269792 0.852083 0.077083 0.143056
0 0.225000 0.650694 0.097917 0.109722
0 0.627604 0.940278 0.076042 0.111111
0 0.349479 0.874306 0.076042 0.137500
0 0.769792 0.502083 0.106250 0.137500
0 0.169271 0.796528 0.111458 0.112500
0 0.144271 0.286806 0.051042 0.081944
0 0.488542 0.074306 0.072917 0.148611
1 0.541146 0.845833 0.096875 0.291667
0 0.651563 0.685417 0.138542 0.248611
0 0.749479 0.877083 0.076042 0.106944
