0 0.778646 0.690278 0.092708 0.130556
0 0.770312 0.268750 0.086458 0.115278
0 0.272396 0.118750 0.086458 0.143056
0 0.376563 0.202083 0.111458 0.145833
0 0.769271 0.500000 0.107292 0.141667
0 0.169271 0.795833 0.113542 0.113889
0 0.479687 0.074306 0.078125 0.148611
0 0.348958 0.865278 0.079167 0.136111
0 0.170833 0.165278 0.087500 0.108333
0 0.623437 0.940278 0.078125 0.113889
0 0.273958 0.867361 0.066667 0.145833
0 0.271875 0.257639 0.089583 0.115278
0 0.144792 0.280556 0.060417 0.091667
0 0.750000 0.877083 0.079167 0.109722
0 0.198958 0.270139 0.075000 0.112500
0 0.616667 0.745139 0.114583 0.190278
