0 0.349479 0.863889 0.078125 0.136111
0 0.592187 0.086111 0.080208 0.161111
0 0.272917 0.852083 0.064583 0.134722
0 0.626563 0.922222 0.082292 0.119444
0 0.145833 0.293750 0.068750 0.081944
0 0.170313 0.795833 0.113542 0.111111
0 0.479687 0.779167 0.086458 0.225000
0 0.269271 0.250000 0.092708 0.133333
0 0.266146 0.127083 0.090625 0.126389
0 0.200521 0.248611 0.067708 0.113889
0 0.351562 0.209722 0.078125 0.136111
0 0.170833 0.161806 0.089583 0.101389
0 0.485417 0.073611 0.081250 0.147222
0 0.231250 0.704167 0.116667 0.102778
