0 0.269271 0.125694 0.088542 0.134722
0 0.350000 0.863889 0.077083 0.138889
0 0.593229 0.085417 0.080208 0.162500
0 0.273438 0.850000 0.065625 0.133333
0 0.751042 0.875694 0.079167 0.109722
0 0.141667 0.293750 0.060417 0.079167
0 0.481771 0.074306 0.076042 0.148611
0 0.170313 0.795139 0.111458 0.112500
0 0.269271 0.250000 0.092708 0.130556
0 0.169792 0.163889 0.087500 0.102778
0 0.626563 0.924306 0.082292 0.118056
0 0.193229 0.260417 0.065625 0.112500
0 0.354167 0.223611 0.072917 0.125000
0 0.227083 0.702778 0.116667 0.105556
