0 0.170833 0.162500 0.087500 0.108333
0 0.144271 0.287500 0.057292 0.094444
0 0.198437 0.264583 0.063542 0.109722
0 0.626042 0.938194 0.079167 0.112500
0 0.270313 0.259028 0.092708 0.112500
0 0.357812 0.197917 0.065625 0.151389
0 0.264583 0.120833 0.070833 0.136111
0 0.278125 0.864583 0.066667 0.143056
0 0.170313 0.796528 0.113542 0.112500
0 0.769792 0.503472 0.106250 0.134722
0 0.487500 0.073611 0.070833 0.147222
0 0.352604 0.888889 0.071875 0.158333
0 0.748958 0.878472 0.077083 0.106944
0 0.644792 0.735417 0.089583 0.156944
