0 0.269792 0.123611 0.087500 0.138889
0 0.349479 0.863889 0.078125 0.136111
0 0.592708 0.086111 0.081250 0.161111
0 0.751042 0.875694 0.079167 0.109722
0 0.273438 0.852083 0.063542 0.134722
0 0.141667 0.295139 0.060417 0.079167
0 0.483854 0.073611 0.080208 0.147222
0 0.170313 0.795139 0.113542 0.112500
0 0.626563 0.922917 0.082292 0.118056
0 0.269792 0.250000 0.091667 0.130556
0 0.354167 0.224306 0.072917 0.126389
0 0.169271 0.165278 0.086458 0.100000
0 0.193750 0.260417 0.066667 0.109722
0 0.645833 0.737500 0.104167 0.158333
