0 0.350000 0.863889 0.079167 0.136111
0 0.592708 0.086111 0.081250 0.161111
0 0.169792 0.162500 0.087500 0.105556
0 0.141667 0.295833 0.056250 0.083333
0 0.227083 0.675000 0.095833 0.150000
0 0.267188 0.127083 0.088542 0.129167
0 0.751042 0.875694 0.079167 0.109722
0 0.629167 0.921528 0.079167 0.118056
0 0.646354 0.738194 0.105208 0.162500
0 0.346875 0.213889 0.091667 0.127778
0 0.273438 0.851389 0.063542 0.127778
0 0.675521 0.500694 0.086458 0.179167
0 0.779687 0.693056 0.090625 0.127778
0 0.770833 0.268750 0.087500 0.109722
