0 0.382292 0.186806 0.108333 0.176389
0 0.675521 0.497917 0.088542 0.187500
0 0.771354 0.272917 0.088542 0.115278
0 0.269271 0.262500 0.096875 0.127778
0 0.773958 0.499306 0.097917 0.145833
0 0.646354 0.738194 0.105208 0.165278
0 0.348438 0.864583 0.080208 0.137500
0 0.170313 0.162500 0.088542 0.105556
0 0.779167 0.693056 0.093750 0.130556
0 0.751042 0.875694 0.079167 0.109722
0 0.141667 0.295139 0.058333 0.081944
0 0.627604 0.923611 0.082292 0.119444
0 0.488542 0.072917 0.070833 0.145833
0 0.271875 0.850694 0.064583 0.129167
0 0.558854 0.225694 0.094792 0.281944
0 0.590625 0.083333 0.085417 0.150000
0 0.170833 0.797222 0.112500 0.111111
0 0.193229 0.259028 0.069792 0.115278
0 0.229167 0.698611 0.114583 0.111111
0 0.275521 0.127778 0.078125 0.133333
