0 0.268750 0.125694 0.089583 0.134722
0 0.350000 0.864583 0.077083 0.137500
0 0.593229 0.084722 0.080208 0.163889
0 0.272396 0.845833 0.067708 0.127778
0 0.141146 0.293750 0.059375 0.079167
0 0.481250 0.073611 0.075000 0.147222
0 0.170313 0.795139 0.113542 0.112500
0 0.751042 0.875694 0.079167 0.109722
0 0.269271 0.250000 0.092708 0.130556
0 0.169792 0.163889 0.087500 0.102778
0 0.232292 0.699306 0.122917 0.112500
0 0.192708 0.260417 0.066667 0.112500
0 0.354167 0.223611 0.072917 0.125000
0 0.626563 0.923611 0.082292 0.116667
