0 0.170833 0.162500 0.087500 0.108333
0 0.275000 0.856944 0.070833 0.147222
0 0.350521 0.875694 0.076042 0.140278
0 0.169792 0.795833 0.112500 0.113889
0 0.266146 0.265278 0.098958 0.130556
0 0.198958 0.265972 0.062500 0.115278
0 0.750521 0.876389 0.078125 0.111111
0 0.551562 0.784028 0.107292 0.304167
0 0.769792 0.504167 0.106250 0.136111
0 0.626042 0.938889 0.077083 0.111111
0 0.485938 0.075000 0.076042 0.150000
0 0.360938 0.205556 0.067708 0.136111
0 0.647917 0.734722 0.089583 0.155556
0 0.264062 0.117361 0.069792 0.137500
0 0.145313 0.281250 0.057292 0.093056
