0 0.383333 0.188889 0.106250 0.172222
0 0.271875 0.118750 0.085417 0.143056
0 0.270313 0.260417 0.094792 0.129167
0 0.482292 0.075000 0.081250 0.150000
0 0.144271 0.287500 0.057292 0.088889
0 0.769792 0.500694 0.106250 0.140278
0 0.275521 0.856250 0.073958 0.145833
0 0.195833 0.260417 0.064583 0.115278
0 0.350000 0.872917 0.075000 0.140278
0 0.623437 0.939583 0.078125 0.115278
0 0.170833 0.162500 0.087500 0.105556
0 0.772396 0.260417 0.094792 0.129167
0 0.783333 0.684722 0.100000 0.119444
0 0.169792 0.795833 0.112500 0.113889
0 0.750000 0.877778 0.079167 0.108333
0 0.698438 0.142361 0.088542 0.179167
