0 0.369792 0.194444 0.091667 0.161111
0 0.625521 0.938194 0.080208 0.112500
0 0.170833 0.162500 0.087500 0.108333
0 0.266667 0.264583 0.102083 0.131944
0 0.274479 0.856944 0.067708 0.147222
0 0.350521 0.874306 0.076042 0.143056
0 0.200000 0.265278 0.060417 0.113889
0 0.169792 0.796528 0.112500 0.115278
0 0.769792 0.502778 0.106250 0.136111
0 0.648958 0.732639 0.095833 0.151389
0 0.267188 0.118056 0.076042 0.141667
0 0.750000 0.878472 0.079167 0.109722
0 0.484375 0.073611 0.075000 0.147222
0 0.144792 0.278472 0.058333 0.093056
