0 0.170833 0.162500 0.087500 0.108333
0 0.625000 0.938194 0.079167 0.112500
0 0.272396 0.856250 0.069792 0.145833
0 0.266146 0.263889 0.098958 0.130556
0 0.199479 0.265278 0.061458 0.113889
0 0.769792 0.503472 0.106250 0.137500
0 0.169792 0.795139 0.112500 0.115278
0 0.265104 0.117361 0.069792 0.140278
0 0.357292 0.203472 0.070833 0.140278
0 0.348958 0.872222 0.081250 0.141667
0 0.577083 0.438889 0.112500 0.188889
0 0.647917 0.733333 0.093750 0.152778
0 0.750521 0.881250 0.078125 0.115278
0 0.143229 0.279167 0.061458 0.091667
