0 0.383854 0.190972 0.107292 0.168056
0 0.572917 0.265972 0.110417 0.254167
0 0.266667 0.265972 0.102083 0.140278
0 0.272396 0.856944 0.067708 0.150000
0 0.625521 0.938194 0.080208 0.112500
0 0.348958 0.875000 0.079167 0.144444
0 0.485417 0.075000 0.077083 0.150000
0 0.169792 0.795833 0.112500 0.113889
0 0.650000 0.731944 0.097917 0.152778
0 0.197917 0.265278 0.062500 0.113889
0 0.775521 0.272917 0.101042 0.109722
0 0.770312 0.502083 0.105208 0.137500
0 0.168229 0.163194 0.084375 0.106944
0 0.274479 0.118056 0.086458 0.141667
0 0.750000 0.877778 0.079167 0.108333
