0 0.379688 0.189583 0.101042 0.168056
0 0.272396 0.118750 0.086458 0.143056
0 0.350521 0.871528 0.076042 0.140278
0 0.144792 0.287500 0.058333 0.088889
0 0.272917 0.854861 0.072917 0.143056
0 0.773958 0.259028 0.097917 0.129167
0 0.769792 0.500000 0.106250 0.141667
0 0.271354 0.262500 0.094792 0.127778
0 0.169271 0.795833 0.113542 0.113889
0 0.170313 0.163194 0.088542 0.106944
0 0.623437 0.939583 0.078125 0.115278
0 0.485938 0.075000 0.076042 0.150000
0 0.750000 0.877083 0.079167 0.109722
0 0.199479 0.264583 0.055208 0.106944
