0 0.271354 0.118750 0.084375 0.143056
0 0.170833 0.163194 0.087500 0.106944
0 0.372396 0.200000 0.109375 0.150000
0 0.267188 0.264583 0.101042 0.131944
0 0.196875 0.261806 0.064583 0.115278
0 0.272396 0.850694 0.078125 0.143056
0 0.350000 0.875000 0.075000 0.136111
0 0.169271 0.795139 0.111458 0.115278
0 0.143750 0.286111 0.056250 0.086111
0 0.627604 0.939583 0.073958 0.112500
0 0.769271 0.502778 0.107292 0.138889
0 0.488021 0.074306 0.073958 0.148611
0 0.749479 0.877778 0.076042 0.108333
0 0.764062 0.240278 0.078125 0.150000
