0 0.383333 0.188194 0.106250 0.173611
0 0.271875 0.118056 0.085417 0.144444
0 0.268229 0.261806 0.098958 0.129167
0 0.772396 0.264583 0.092708 0.123611
0 0.482292 0.075000 0.081250 0.150000
0 0.782292 0.684028 0.097917 0.118056
0 0.769792 0.500694 0.106250 0.140278
0 0.275521 0.856944 0.073958 0.147222
0 0.141667 0.288194 0.054167 0.087500
0 0.170833 0.163194 0.087500 0.106944
0 0.350000 0.872917 0.075000 0.140278
0 0.623437 0.939583 0.078125 0.115278
0 0.195312 0.260417 0.069792 0.112500
0 0.169792 0.795833 0.112500 0.113889
0 0.750000 0.877778 0.079167 0.108333
0 0.626042 0.179167 0.125000 0.213889
