0 0.383854 0.188194 0.107292 0.173611
0 0.266667 0.265972 0.102083 0.137500
0 0.625521 0.938194 0.080208 0.112500
0 0.170833 0.162500 0.087500 0.108333
0 0.272917 0.856944 0.068750 0.150000
0 0.348958 0.874306 0.079167 0.143056
0 0.553646 0.181250 0.101042 0.287500
0 0.484896 0.073611 0.076042 0.147222
0 0.197917 0.265278 0.062500 0.113889
0 0.169792 0.797222 0.112500 0.113889
0 0.650000 0.731250 0.097917 0.151389
0 0.769792 0.502083 0.106250 0.137500
0 0.267708 0.121528 0.087500 0.148611
0 0.750000 0.877778 0.079167 0.108333
