0 0.675000 0.500000 0.087500 0.183333
0 0.349479 0.863194 0.078125 0.137500
0 0.592187 0.088194 0.080208 0.162500
0 0.771875 0.271528 0.089583 0.112500
0 0.273438 0.853472 0.063542 0.134722
0 0.779167 0.693056 0.091667 0.127778
0 0.584896 0.300000 0.121875 0.233333
0 0.145833 0.293750 0.068750 0.081944
0 0.170313 0.796528 0.113542 0.112500
0 0.627083 0.923611 0.081250 0.119444
0 0.751042 0.875694 0.079167 0.109722
0 0.486979 0.074306 0.069792 0.148611
0 0.646354 0.738889 0.107292 0.163889
0 0.198958 0.250000 0.066667 0.113889
0 0.348958 0.224306 0.093750 0.120833
0 0.265625 0.129167 0.091667 0.127778
0 0.264583 0.246528 0.081250 0.134722
0 0.778646 0.496528 0.088542 0.148611
0 0.170313 0.161806 0.090625 0.101389
