0 0.349479 0.863889 0.078125 0.136111
0 0.142708 0.294444 0.060417 0.086111
0 0.592708 0.086806 0.079167 0.159722
0 0.751042 0.875694 0.079167 0.109722
0 0.226042 0.679167 0.093750 0.138889
0 0.267188 0.257639 0.092708 0.129167
0 0.169792 0.162500 0.089583 0.105556
0 0.265104 0.128472 0.092708 0.129167
0 0.628125 0.922917 0.079167 0.118056
0 0.351042 0.216667 0.083333 0.122222
0 0.196354 0.256250 0.067708 0.115278
0 0.272917 0.852778 0.064583 0.130556
0 0.771354 0.270139 0.088542 0.109722
0 0.646354 0.738194 0.105208 0.162500
0 0.675000 0.500694 0.085417 0.176389
0 0.780208 0.693750 0.089583 0.126389
