0 0.170833 0.162500 0.087500 0.108333
0 0.626042 0.937500 0.081250 0.113889
0 0.273438 0.855556 0.071875 0.147222
0 0.575521 0.620139 0.119792 0.190278
0 0.169271 0.795139 0.113542 0.115278
0 0.265625 0.264583 0.097917 0.129167
0 0.197396 0.265972 0.063542 0.112500
0 0.350521 0.873611 0.076042 0.136111
0 0.769792 0.503472 0.106250 0.134722
0 0.353646 0.202083 0.076042 0.140278
0 0.646875 0.734028 0.091667 0.156944
0 0.750521 0.879861 0.078125 0.115278
0 0.143750 0.280556 0.060417 0.091667
0 0.488021 0.070833 0.071875 0.141667
0 0.261458 0.115972 0.064583 0.134722
