0 0.779167 0.690278 0.091667 0.130556
0 0.271875 0.118750 0.085417 0.143056
0 0.481250 0.075000 0.081250 0.150000
0 0.767708 0.243056 0.083333 0.152778
0 0.769271 0.500000 0.107292 0.141667
0 0.171354 0.163194 0.086458 0.106944
0 0.144271 0.286111 0.057292 0.086111
0 0.273958 0.256944 0.087500 0.122222
0 0.170313 0.797222 0.113542 0.113889
0 0.375521 0.203472 0.121875 0.143056
0 0.276042 0.866667 0.068750 0.147222
0 0.201563 0.259028 0.073958 0.112500
0 0.222917 0.652083 0.100000 0.112500
0 0.349479 0.876389 0.076042 0.147222
0 0.542708 0.902083 0.091667 0.193056
0 0.749479 0.877778 0.078125 0.108333
0 0.623958 0.940972 0.072917 0.112500
0 0.642188 0.733333 0.146875 0.188889
