0 0.780208 0.686806 0.095833 0.123611
0 0.271875 0.118056 0.085417 0.141667
0 0.385417 0.188889 0.110417 0.172222
0 0.143750 0.288194 0.056250 0.087500
0 0.482812 0.075000 0.082292 0.150000
0 0.769271 0.500694 0.107292 0.140278
0 0.269271 0.258333 0.096875 0.125000
0 0.580729 0.318750 0.117708 0.254167
0 0.766146 0.245139 0.080208 0.148611
0 0.275000 0.857639 0.072917 0.145833
0 0.201042 0.261806 0.068750 0.112500
0 0.350000 0.871528 0.075000 0.137500
0 0.170833 0.163194 0.087500 0.106944
0 0.169792 0.795833 0.112500 0.113889
0 0.622917 0.938889 0.077083 0.113889
0 0.750521 0.877778 0.078125 0.108333
