0 0.271354 0.119444 0.084375 0.144444
0 0.778646 0.689583 0.092708 0.129167
0 0.769271 0.500694 0.107292 0.143056
0 0.481250 0.075694 0.081250 0.151389
0 0.766667 0.243056 0.081250 0.147222
0 0.274479 0.860417 0.069792 0.140278
0 0.143229 0.286806 0.055208 0.084722
0 0.623437 0.939583 0.076042 0.112500
0 0.169792 0.796528 0.112500 0.112500
0 0.170833 0.164583 0.087500 0.106944
0 0.274479 0.256250 0.086458 0.118056
0 0.201563 0.261111 0.071875 0.111111
0 0.642708 0.740278 0.145833 0.197222
0 0.348958 0.884028 0.077083 0.156944
0 0.749479 0.877778 0.078125 0.108333
