0 0.537500 0.904861 0.097917 0.190278
0 0.350000 0.863889 0.079167 0.136111
0 0.751042 0.875694 0.079167 0.109722
0 0.142708 0.295139 0.060417 0.084722
0 0.592708 0.087500 0.079167 0.158333
0 0.646354 0.738194 0.105208 0.162500
0 0.628646 0.921528 0.078125 0.118056
0 0.268229 0.257639 0.092708 0.129167
0 0.226042 0.672917 0.095833 0.151389
0 0.170313 0.163194 0.088542 0.104167
0 0.265104 0.128472 0.092708 0.126389
0 0.350000 0.216667 0.087500 0.122222
0 0.771354 0.270833 0.088542 0.111111
0 0.272917 0.852778 0.064583 0.130556
0 0.779687 0.693056 0.090625 0.127778
0 0.197917 0.256250 0.070833 0.115278
0 0.675000 0.500000 0.085417 0.180556
0 0.489583 0.070833 0.072917 0.141667
