0 0.770312 0.269444 0.086458 0.113889
0 0.778646 0.690278 0.092708 0.130556
0 0.272396 0.118750 0.086458 0.143056
0 0.769792 0.500000 0.106250 0.141667
0 0.171354 0.165972 0.086458 0.109722
0 0.378125 0.201389 0.110417 0.147222
0 0.480729 0.075000 0.080208 0.150000
0 0.272396 0.859028 0.067708 0.143056
0 0.348438 0.865972 0.080208 0.134722
0 0.169271 0.795833 0.111458 0.113889
0 0.271875 0.257639 0.089583 0.112500
0 0.622917 0.939583 0.077083 0.112500
0 0.143229 0.281250 0.057292 0.087500
0 0.749479 0.877778 0.078125 0.108333
0 0.198437 0.269444 0.071875 0.108333
1 0.585417 0.237500 0.089583 0.233333
