0 0.382292 0.187500 0.104167 0.175000
0 0.272396 0.118750 0.086458 0.143056
0 0.482812 0.075000 0.082292 0.150000
0 0.145833 0.287500 0.060417 0.088889
0 0.350521 0.873611 0.076042 0.141667
0 0.769792 0.500694 0.106250 0.140278
0 0.271354 0.261806 0.094792 0.129167
0 0.273958 0.856250 0.072917 0.145833
0 0.170833 0.163194 0.087500 0.106944
0 0.169271 0.795139 0.113542 0.115278
0 0.622917 0.939583 0.077083 0.115278
0 0.782292 0.681250 0.097917 0.112500
0 0.200000 0.260417 0.052083 0.109722
0 0.769792 0.253472 0.089583 0.137500
0 0.750000 0.877778 0.079167 0.108333
0 0.718750 0.122917 0.091667 0.190278
