0 0.381250 0.189583 0.106250 0.170833
0 0.171354 0.162500 0.088542 0.108333
0 0.625521 0.938194 0.080208 0.112500
0 0.273958 0.856250 0.068750 0.148611
0 0.350521 0.874306 0.076042 0.140278
0 0.196875 0.264583 0.064583 0.115278
0 0.169792 0.797222 0.112500 0.113889
0 0.268750 0.118056 0.077083 0.141667
0 0.648958 0.731944 0.095833 0.152778
0 0.267708 0.261111 0.102083 0.130556
0 0.542708 0.108333 0.062500 0.216667
0 0.769792 0.501389 0.106250 0.136111
0 0.143750 0.280556 0.062500 0.091667
0 0.750000 0.877778 0.079167 0.108333
