0 0.769792 0.263889 0.083333 0.119444
0 0.380729 0.197917 0.103125 0.154167
0 0.778646 0.690972 0.092708 0.129167
0 0.272396 0.118750 0.086458 0.143056
0 0.171354 0.165972 0.086458 0.109722
0 0.769271 0.500694 0.107292 0.143056
0 0.481250 0.075000 0.081250 0.150000
0 0.348958 0.865972 0.079167 0.134722
0 0.169792 0.795833 0.112500 0.113889
0 0.273958 0.864583 0.066667 0.143056
0 0.142708 0.285417 0.058333 0.087500
0 0.272917 0.261111 0.087500 0.116667
0 0.623437 0.938889 0.078125 0.113889
0 0.585938 0.557639 0.126042 0.176389
0 0.203646 0.275000 0.071875 0.119444
0 0.749479 0.877778 0.078125 0.108333
