0 0.751042 0.875694 0.079167 0.109722
0 0.269271 0.121528 0.086458 0.148611
0 0.589583 0.087500 0.087500 0.158333
0 0.482292 0.074306 0.077083 0.148611
0 0.142187 0.290278 0.057292 0.083333
0 0.626563 0.923611 0.082292 0.119444
0 0.645833 0.733333 0.097917 0.152778
0 0.169271 0.795139 0.111458 0.112500
0 0.169271 0.163194 0.086458 0.104167
0 0.264062 0.250000 0.080208 0.130556
0 0.347396 0.222222 0.088542 0.125000
0 0.194271 0.259722 0.069792 0.113889
0 0.780208 0.693056 0.089583 0.125000
0 0.124479 0.600694 0.086458 0.106944
