0 0.382812 0.188889 0.105208 0.172222
0 0.271875 0.118750 0.085417 0.143056
0 0.145313 0.287500 0.059375 0.088889
0 0.482292 0.075000 0.081250 0.150000
0 0.270313 0.259722 0.094792 0.127778
0 0.769792 0.500694 0.106250 0.140278
0 0.274479 0.856250 0.073958 0.145833
0 0.350000 0.873611 0.075000 0.141667
0 0.623437 0.939583 0.078125 0.115278
0 0.170833 0.163194 0.087500 0.106944
0 0.169792 0.795139 0.112500 0.115278
0 0.783333 0.684028 0.100000 0.118056
0 0.197396 0.260417 0.059375 0.115278
0 0.750000 0.877778 0.079167 0.108333
0 0.771875 0.257639 0.093750 0.126389
0 0.705729 0.143056 0.098958 0.177778
