0 0.627083 0.938194 0.081250 0.112500
0 0.146354 0.288889 0.061458 0.094444
0 0.270313 0.256250 0.090625 0.115278
0 0.169792 0.797222 0.112500 0.113889
0 0.769792 0.504167 0.106250 0.136111
0 0.358333 0.198611 0.064583 0.147222
0 0.277604 0.864583 0.067708 0.148611
0 0.352604 0.887500 0.071875 0.161111
0 0.486979 0.073611 0.071875 0.147222
0 0.170313 0.162500 0.082292 0.108333
0 0.749479 0.877778 0.078125 0.108333
0 0.205208 0.252778 0.064583 0.111111
0 0.258854 0.117361 0.057292 0.134722
0 0.642708 0.734722 0.095833 0.152778
