0 0.381771 0.189583 0.107292 0.170833
0 0.171354 0.162500 0.088542 0.108333
0 0.625521 0.938194 0.080208 0.112500
0 0.273958 0.856250 0.068750 0.148611
0 0.196875 0.264583 0.064583 0.115278
0 0.350521 0.873611 0.076042 0.138889
0 0.543229 0.108333 0.071875 0.216667
0 0.169792 0.797222 0.112500 0.113889
0 0.269792 0.117361 0.079167 0.143056
0 0.267708 0.261111 0.102083 0.130556
0 0.648438 0.732639 0.096875 0.151389
0 0.769792 0.502083 0.106250 0.137500
0 0.143750 0.280556 0.062500 0.091667
0 0.750521 0.877778 0.078125 0.108333
