0 0.768750 0.260417 0.085417 0.126389
0 0.271354 0.118750 0.084375 0.143056
0 0.373437 0.197917 0.109375 0.154167
0 0.222396 0.645833 0.101042 0.122222
0 0.267708 0.263889 0.100000 0.133333
0 0.170313 0.162500 0.088542 0.105556
0 0.270833 0.852778 0.075000 0.144444
0 0.195833 0.261111 0.068750 0.116667
0 0.349479 0.875000 0.076042 0.136111
0 0.769271 0.502083 0.107292 0.137500
0 0.169271 0.795139 0.111458 0.112500
0 0.627604 0.939583 0.073958 0.112500
0 0.488021 0.074306 0.073958 0.148611
0 0.142708 0.286111 0.054167 0.086111
0 0.649479 0.677778 0.132292 0.216667
1 0.551562 0.817361 0.103125 0.295833
0 0.750000 0.877778 0.077083 0.108333
