0 0.649479 0.729861 0.103125 0.151389
0 0.750521 0.875000 0.078125 0.111111
0 0.589063 0.086806 0.088542 0.159722
0 0.673958 0.502778 0.083333 0.175000
0 0.142187 0.290278 0.057292 0.083333
0 0.268750 0.129167 0.089583 0.127778
0 0.269792 0.250000 0.091667 0.130556
0 0.482292 0.073611 0.077083 0.147222
0 0.626563 0.923611 0.082292 0.119444
0 0.772917 0.269444 0.089583 0.111111
0 0.169792 0.163889 0.087500 0.102778
0 0.779167 0.693056 0.091667 0.127778
0 0.194271 0.259722 0.069792 0.113889
0 0.169271 0.795833 0.111458 0.111111
0 0.353646 0.222222 0.073958 0.127778
