0 0.383333 0.188194 0.106250 0.173611
0 0.772396 0.261806 0.092708 0.129167
0 0.271875 0.118750 0.085417 0.143056
0 0.482292 0.075000 0.081250 0.150000
0 0.268750 0.262500 0.097917 0.130556
0 0.769792 0.500000 0.106250 0.141667
0 0.142708 0.287500 0.056250 0.088889
0 0.170833 0.163194 0.087500 0.106944
0 0.275521 0.857639 0.073958 0.145833
0 0.196354 0.263194 0.067708 0.112500
0 0.350521 0.872222 0.076042 0.138889
0 0.782813 0.681944 0.098958 0.113889
0 0.169792 0.795833 0.112500 0.113889
0 0.622917 0.938889 0.077083 0.113889
0 0.609896 0.178472 0.105208 0.245833
0 0.750521 0.877778 0.078125 0.108333
0 0.220833 0.633333 0.100000 0.108333
