0 0.349479 0.863194 0.078125 0.137500
0 0.771875 0.272222 0.089583 0.113889
0 0.592708 0.086806 0.079167 0.162500
0 0.778646 0.692361 0.092708 0.129167
0 0.751042 0.875000 0.079167 0.111111
0 0.677083 0.509722 0.077083 0.163889
0 0.645833 0.737500 0.106250 0.163889
0 0.627083 0.923611 0.081250 0.119444
0 0.272917 0.852778 0.064583 0.133333
0 0.778125 0.498611 0.089583 0.147222
0 0.170833 0.796528 0.112500 0.109722
0 0.147396 0.293750 0.071875 0.081944
0 0.483333 0.073611 0.083333 0.147222
0 0.265104 0.245139 0.084375 0.137500
0 0.167187 0.162500 0.082292 0.105556
0 0.350000 0.224306 0.089583 0.126389
0 0.265104 0.129167 0.090625 0.130556
