0 0.271354 0.118750 0.084375 0.143056
0 0.370833 0.202083 0.110417 0.145833
0 0.769271 0.500000 0.107292 0.141667
0 0.267708 0.261111 0.097917 0.125000
0 0.274479 0.854861 0.069792 0.148611
0 0.350000 0.876389 0.075000 0.136111
0 0.143229 0.285417 0.055208 0.084722
0 0.169271 0.795833 0.111458 0.113889
0 0.533333 0.911806 0.089583 0.173611
0 0.627604 0.938194 0.078125 0.112500
0 0.170833 0.162500 0.087500 0.102778
0 0.765625 0.236806 0.079167 0.156944
0 0.488021 0.074306 0.073958 0.148611
0 0.198437 0.255556 0.065625 0.113889
0 0.750000 0.879167 0.077083 0.111111
