0 0.675000 0.497917 0.087500 0.187500
0 0.771354 0.272917 0.088542 0.115278
0 0.381771 0.188889 0.113542 0.169444
0 0.591146 0.084028 0.084375 0.151389
0 0.646354 0.738194 0.105208 0.165278
0 0.779167 0.693056 0.093750 0.130556
0 0.348438 0.864583 0.080208 0.137500
0 0.774479 0.500000 0.096875 0.144444
0 0.269271 0.261806 0.096875 0.129167
0 0.751042 0.875694 0.079167 0.109722
0 0.488542 0.075694 0.070833 0.151389
0 0.169792 0.163194 0.087500 0.104167
0 0.627604 0.923611 0.082292 0.119444
0 0.569792 0.252778 0.104167 0.244444
0 0.272396 0.851389 0.063542 0.127778
0 0.228646 0.690972 0.105208 0.123611
0 0.140625 0.295139 0.058333 0.084722
0 0.273438 0.127083 0.080208 0.131944
0 0.170833 0.797222 0.112500 0.111111
