0 0.145833 0.288889 0.058333 0.091667
0 0.626042 0.938194 0.079167 0.112500
0 0.270313 0.256944 0.092708 0.116667
0 0.169792 0.796528 0.112500 0.112500
0 0.354687 0.197917 0.069792 0.148611
0 0.350521 0.888889 0.076042 0.166667
0 0.278125 0.863889 0.064583 0.147222
0 0.170313 0.161111 0.086458 0.105556
0 0.259896 0.118056 0.059375 0.136111
0 0.202083 0.250000 0.068750 0.113889
0 0.487500 0.073611 0.070833 0.147222
0 0.643750 0.735417 0.093750 0.156944
0 0.748958 0.879167 0.077083 0.111111
0 0.770312 0.509028 0.107292 0.126389
