0 0.349479 0.863194 0.078125 0.137500
0 0.592187 0.088889 0.080208 0.163889
0 0.272396 0.852083 0.063542 0.134722
0 0.169792 0.795139 0.112500 0.112500
0 0.145833 0.294444 0.068750 0.080556
0 0.482812 0.075000 0.082292 0.150000
0 0.627083 0.923611 0.081250 0.119444
0 0.201042 0.249306 0.068750 0.115278
0 0.268229 0.249306 0.092708 0.131944
0 0.351042 0.217361 0.085417 0.123611
0 0.771354 0.270139 0.088542 0.109722
0 0.264062 0.129167 0.092708 0.127778
0 0.170833 0.162500 0.089583 0.100000
0 0.675521 0.500694 0.086458 0.176389
0 0.779167 0.693750 0.089583 0.126389
0 0.645833 0.737500 0.104167 0.158333
0 0.586458 0.315972 0.106250 0.270833
