0 0.170833 0.162500 0.087500 0.108333
0 0.169792 0.795139 0.112500 0.115278
0 0.275521 0.856944 0.069792 0.147222
0 0.266667 0.263889 0.100000 0.130556
0 0.553646 0.814583 0.105208 0.287500
0 0.198958 0.265972 0.062500 0.115278
0 0.647917 0.734722 0.089583 0.155556
0 0.751042 0.876389 0.079167 0.111111
0 0.350521 0.876389 0.076042 0.141667
0 0.769792 0.504167 0.106250 0.136111
0 0.485938 0.075000 0.076042 0.150000
0 0.627083 0.939583 0.075000 0.112500
0 0.360417 0.204861 0.068750 0.137500
0 0.263021 0.118056 0.065625 0.136111
0 0.145833 0.280556 0.056250 0.091667
