0 0.271354 0.118750 0.084375 0.143056
0 0.542188 0.870833 0.101042 0.247222
0 0.350521 0.873611 0.076042 0.138889
0 0.267188 0.265972 0.098958 0.131944
0 0.769792 0.500000 0.106250 0.141667
0 0.368229 0.201389 0.109375 0.144444
0 0.197917 0.264583 0.068750 0.112500
0 0.142708 0.285417 0.056250 0.087500
0 0.275000 0.855556 0.070833 0.147222
0 0.170313 0.163194 0.088542 0.106944
0 0.169271 0.795833 0.113542 0.113889
0 0.629167 0.939583 0.068750 0.112500
0 0.487500 0.075000 0.075000 0.150000
0 0.764583 0.238194 0.077083 0.156944
0 0.749479 0.877778 0.078125 0.111111
