0 0.778646 0.690278 0.092708 0.130556
0 0.770312 0.269444 0.086458 0.113889
0 0.375521 0.196528 0.109375 0.156944
0 0.272396 0.118750 0.086458 0.143056
0 0.170833 0.164583 0.087500 0.109722
0 0.769271 0.500000 0.107292 0.141667
0 0.480208 0.073611 0.077083 0.147222
0 0.169271 0.795833 0.113542 0.113889
0 0.348958 0.865278 0.079167 0.136111
0 0.272396 0.258333 0.088542 0.116667
0 0.275000 0.869444 0.064583 0.144444
0 0.623437 0.940278 0.078125 0.113889
0 0.145313 0.280556 0.059375 0.091667
0 0.200000 0.267361 0.075000 0.106944
0 0.750000 0.877778 0.079167 0.108333
0 0.613021 0.747222 0.111458 0.194444
