0 0.675000 0.498611 0.087500 0.186111
0 0.771875 0.272917 0.089583 0.115278
0 0.646354 0.738194 0.105208 0.165278
0 0.592708 0.086806 0.081250 0.159722
0 0.779167 0.693056 0.093750 0.130556
0 0.372917 0.190278 0.100000 0.169444
0 0.348438 0.863889 0.080208 0.136111
0 0.775521 0.500694 0.096875 0.143056
0 0.269271 0.261111 0.096875 0.127778
0 0.751042 0.875694 0.079167 0.109722
0 0.488542 0.075000 0.070833 0.150000
0 0.576562 0.283333 0.107292 0.241667
0 0.627604 0.923611 0.082292 0.119444
0 0.169792 0.162500 0.087500 0.105556
0 0.272396 0.850694 0.063542 0.129167
0 0.228125 0.689583 0.102083 0.123611
0 0.272917 0.127083 0.081250 0.131944
0 0.140625 0.295139 0.058333 0.084722
0 0.170833 0.797222 0.112500 0.111111
