0 0.672396 0.510417 0.082292 0.159722
0 0.349479 0.863194 0.078125 0.137500
0 0.771354 0.271528 0.090625 0.115278
0 0.779167 0.692361 0.093750 0.129167
0 0.751042 0.875694 0.079167 0.109722
0 0.592708 0.086806 0.079167 0.162500
0 0.627083 0.922917 0.083333 0.120833
0 0.272917 0.852778 0.064583 0.133333
0 0.778125 0.497917 0.089583 0.148611
0 0.147396 0.293056 0.071875 0.083333
0 0.170833 0.797222 0.112500 0.111111
0 0.265625 0.245833 0.087500 0.138889
0 0.166667 0.161806 0.081250 0.104167
0 0.350521 0.224306 0.088542 0.126389
0 0.645312 0.738194 0.107292 0.165278
0 0.265625 0.129167 0.089583 0.130556
0 0.589063 0.586111 0.138542 0.213889
0 0.488021 0.067361 0.078125 0.134722
