0 0.675000 0.511111 0.085417 0.161111
0 0.349479 0.863194 0.078125 0.137500
0 0.771875 0.272222 0.089583 0.113889
0 0.592708 0.088194 0.079167 0.159722
0 0.146354 0.292361 0.071875 0.081944
0 0.549479 0.775694 0.115625 0.251389
0 0.779167 0.693056 0.091667 0.127778
0 0.778646 0.497917 0.088542 0.148611
0 0.227083 0.689583 0.100000 0.126389
0 0.273438 0.852778 0.063542 0.133333
0 0.751042 0.875694 0.079167 0.109722
0 0.263021 0.245139 0.082292 0.143056
0 0.348958 0.225000 0.089583 0.127778
0 0.170313 0.797222 0.113542 0.111111
0 0.650000 0.736806 0.095833 0.165278
0 0.488021 0.066667 0.073958 0.133333
0 0.265625 0.129167 0.089583 0.130556
0 0.206250 0.235417 0.064583 0.134722
0 0.627604 0.922917 0.080208 0.118056
0 0.167187 0.162500 0.082292 0.105556
