0 0.271354 0.118750 0.084375 0.143056
0 0.373437 0.197917 0.107292 0.154167
0 0.628125 0.938889 0.077083 0.113889
0 0.267188 0.263889 0.101042 0.133333
0 0.196354 0.261111 0.067708 0.119444
0 0.269271 0.850694 0.078125 0.140278
0 0.349479 0.874306 0.076042 0.137500
0 0.170833 0.162500 0.087500 0.105556
0 0.169271 0.795833 0.111458 0.113889
0 0.143229 0.286111 0.055208 0.086111
0 0.768229 0.243056 0.086458 0.150000
0 0.488021 0.074306 0.073958 0.148611
0 0.769792 0.502778 0.106250 0.136111
0 0.656250 0.693056 0.122917 0.238889
0 0.749479 0.877778 0.076042 0.108333
0 0.222917 0.652778 0.102083 0.105556
1 0.530729 0.861111 0.098958 0.269444
