0 0.778646 0.690278 0.092708 0.130556
0 0.770833 0.268750 0.087500 0.115278
0 0.379688 0.193056 0.111458 0.163889
0 0.171354 0.163194 0.086458 0.109722
0 0.271875 0.118750 0.085417 0.143056
0 0.769792 0.499306 0.106250 0.143056
0 0.348438 0.865278 0.080208 0.136111
0 0.169271 0.795833 0.113542 0.113889
0 0.479687 0.074306 0.076042 0.148611
0 0.275000 0.870833 0.066667 0.147222
0 0.622917 0.939583 0.077083 0.112500
0 0.263542 0.266667 0.108333 0.133333
0 0.145313 0.279861 0.059375 0.090278
0 0.193750 0.268056 0.066667 0.105556
0 0.541667 0.098611 0.060417 0.194444
0 0.750000 0.877778 0.079167 0.108333
0 0.615104 0.752778 0.109375 0.208333
