0 0.751042 0.875694 0.079167 0.109722
0 0.269271 0.120139 0.086458 0.148611
0 0.589063 0.087500 0.088542 0.158333
0 0.482292 0.075000 0.077083 0.150000
0 0.142708 0.290278 0.058333 0.083333
0 0.646354 0.733333 0.098958 0.152778
0 0.626563 0.923611 0.082292 0.119444
0 0.169271 0.795139 0.111458 0.112500
0 0.169792 0.163194 0.087500 0.104167
0 0.346354 0.225694 0.090625 0.120833
0 0.265625 0.247917 0.083333 0.131944
0 0.194271 0.259722 0.069792 0.113889
0 0.123958 0.607639 0.087500 0.109722
0 0.780208 0.693056 0.089583 0.125000
