0 0.269271 0.122222 0.084375 0.144444
0 0.589583 0.088889 0.087500 0.155556
0 0.482292 0.074306 0.077083 0.148611
0 0.269271 0.251389 0.090625 0.130556
0 0.142708 0.290972 0.056250 0.081944
0 0.751042 0.876389 0.079167 0.108333
0 0.169792 0.795833 0.110417 0.111111
0 0.169271 0.163194 0.086458 0.104167
0 0.193750 0.259722 0.068750 0.113889
0 0.626042 0.923611 0.081250 0.116667
0 0.350000 0.215972 0.087500 0.123611
0 0.352083 0.873611 0.081250 0.127778
0 0.643229 0.736806 0.094792 0.156944
0 0.272396 0.833333 0.067708 0.113889
