0 0.349479 0.863194 0.078125 0.137500
0 0.771875 0.271528 0.089583 0.112500
0 0.592708 0.086806 0.079167 0.162500
0 0.751042 0.875000 0.079167 0.111111
0 0.146875 0.293750 0.070833 0.081944
0 0.627083 0.923611 0.081250 0.119444
0 0.273438 0.852778 0.063542 0.133333
0 0.779167 0.693056 0.091667 0.127778
0 0.676042 0.506944 0.083333 0.169444
0 0.170313 0.796528 0.113542 0.109722
0 0.484896 0.073611 0.080208 0.147222
0 0.778125 0.497917 0.089583 0.148611
0 0.645833 0.738889 0.106250 0.163889
0 0.264062 0.247222 0.082292 0.136111
0 0.350521 0.225694 0.088542 0.123611
0 0.169792 0.163889 0.087500 0.105556
0 0.265104 0.129167 0.090625 0.127778
0 0.203125 0.257639 0.056250 0.098611
