0 0.349479 0.863194 0.078125 0.137500
0 0.272396 0.853472 0.063542 0.134722
0 0.145833 0.293750 0.068750 0.081944
0 0.169792 0.795139 0.112500 0.112500
0 0.627083 0.923611 0.081250 0.119444
0 0.200000 0.249306 0.068750 0.115278
0 0.594271 0.084722 0.076042 0.155556
0 0.265625 0.249306 0.087500 0.131944
0 0.264583 0.129167 0.093750 0.127778
0 0.353125 0.224306 0.085417 0.118056
0 0.170833 0.161806 0.089583 0.101389
0 0.771354 0.269444 0.088542 0.108333
0 0.646354 0.738194 0.105208 0.159722
0 0.529167 0.112500 0.070833 0.225000
