0 0.383333 0.188194 0.106250 0.173611
0 0.170833 0.162500 0.087500 0.108333
0 0.625521 0.938194 0.080208 0.112500
0 0.350000 0.872917 0.077083 0.140278
0 0.273958 0.856250 0.068750 0.148611
0 0.198437 0.265278 0.061458 0.113889
0 0.169792 0.796528 0.112500 0.112500
0 0.559375 0.135417 0.089583 0.259722
0 0.648958 0.731944 0.095833 0.150000
0 0.769792 0.501389 0.106250 0.138889
0 0.267188 0.261806 0.103125 0.131944
0 0.484896 0.074306 0.076042 0.148611
0 0.750000 0.877778 0.079167 0.108333
0 0.143750 0.281250 0.060417 0.087500
