0 0.349479 0.863194 0.078125 0.137500
0 0.145833 0.293750 0.068750 0.081944
0 0.272917 0.852083 0.062500 0.131944
0 0.170313 0.795139 0.113542 0.112500
0 0.627083 0.923611 0.081250 0.119444
0 0.200000 0.248611 0.066667 0.116667
0 0.545833 0.139583 0.085417 0.268056
0 0.351562 0.221528 0.088542 0.120833
0 0.264583 0.129861 0.093750 0.126389
0 0.265104 0.249306 0.086458 0.131944
0 0.771354 0.270139 0.088542 0.109722
0 0.606250 0.084028 0.052083 0.148611
0 0.170833 0.161111 0.089583 0.100000
0 0.676042 0.501389 0.087500 0.175000
0 0.646354 0.738194 0.105208 0.159722
