0 0.382812 0.187500 0.105208 0.175000
0 0.272396 0.118750 0.086458 0.143056
0 0.482812 0.075000 0.082292 0.150000
0 0.145833 0.286806 0.060417 0.090278
0 0.270833 0.262500 0.095833 0.130556
0 0.350521 0.873611 0.076042 0.141667
0 0.769792 0.500694 0.106250 0.140278
0 0.273958 0.856250 0.072917 0.145833
0 0.169271 0.795139 0.113542 0.115278
0 0.170833 0.163194 0.087500 0.106944
0 0.622917 0.939583 0.077083 0.115278
0 0.782292 0.680556 0.097917 0.111111
0 0.199479 0.259722 0.053125 0.111111
0 0.750000 0.877778 0.079167 0.108333
0 0.766667 0.254861 0.083333 0.134722
0 0.719271 0.122222 0.090625 0.191667
