0 0.170833 0.162500 0.087500 0.108333
0 0.198437 0.263889 0.063542 0.108333
0 0.144792 0.287500 0.056250 0.094444
0 0.270313 0.259028 0.092708 0.115278
0 0.626042 0.937500 0.079167 0.111111
0 0.266667 0.118750 0.070833 0.140278
0 0.356771 0.197917 0.065625 0.151389
0 0.277604 0.863889 0.067708 0.144444
0 0.770312 0.503472 0.105208 0.134722
0 0.489063 0.073611 0.067708 0.147222
0 0.170313 0.797917 0.111458 0.109722
0 0.352083 0.882639 0.072917 0.148611
0 0.644792 0.735417 0.089583 0.156944
0 0.748958 0.878472 0.077083 0.106944
