0 0.375521 0.191667 0.098958 0.163889
0 0.625521 0.938194 0.080208 0.112500
0 0.170833 0.162500 0.087500 0.108333
0 0.266667 0.264583 0.102083 0.134722
0 0.275000 0.856944 0.068750 0.147222
0 0.350521 0.874306 0.076042 0.143056
0 0.198958 0.265278 0.060417 0.113889
0 0.169792 0.796528 0.112500 0.115278
0 0.222396 0.633333 0.101042 0.111111
0 0.648958 0.732639 0.095833 0.151389
0 0.266667 0.117361 0.075000 0.140278
0 0.769792 0.503472 0.106250 0.134722
0 0.145313 0.279167 0.057292 0.094444
0 0.483854 0.073611 0.073958 0.147222
0 0.749479 0.877778 0.078125 0.108333
