0 0.349479 0.863194 0.078125 0.137500
0 0.145833 0.293750 0.068750 0.081944
0 0.271875 0.852083 0.064583 0.131944
0 0.169792 0.795139 0.112500 0.112500
0 0.627083 0.923611 0.081250 0.119444
0 0.557292 0.150000 0.093750 0.255556
0 0.200000 0.249306 0.066667 0.115278
0 0.771354 0.270833 0.090625 0.111111
0 0.350521 0.218750 0.090625 0.126389
0 0.264583 0.248611 0.085417 0.133333
0 0.676042 0.500694 0.087500 0.176389
0 0.264062 0.129861 0.094792 0.126389
0 0.605208 0.081250 0.056250 0.140278
0 0.646354 0.737500 0.105208 0.161111
0 0.489583 0.063194 0.066667 0.126389
0 0.170833 0.161111 0.089583 0.100000
0 0.779687 0.693750 0.088542 0.126389
