0 0.778646 0.690278 0.092708 0.130556
0 0.271875 0.118750 0.085417 0.143056
0 0.171354 0.164583 0.086458 0.106944
0 0.769271 0.500694 0.107292 0.143056
0 0.482292 0.075694 0.083333 0.151389
0 0.378125 0.197917 0.116667 0.154167
0 0.272396 0.254167 0.092708 0.127778
0 0.169792 0.795833 0.112500 0.113889
0 0.531250 0.840278 0.104167 0.275000
0 0.277604 0.866667 0.069792 0.144444
0 0.143229 0.284722 0.055208 0.088889
0 0.199479 0.269444 0.071875 0.113889
0 0.623958 0.940278 0.075000 0.113889
0 0.749479 0.877778 0.078125 0.108333
0 0.767708 0.254167 0.085417 0.127778
0 0.358854 0.885417 0.067708 0.154167
