0 0.382812 0.188194 0.105208 0.173611
0 0.271875 0.118750 0.085417 0.143056
0 0.482812 0.075000 0.082292 0.150000
0 0.144792 0.287500 0.058333 0.088889
0 0.274479 0.856250 0.073958 0.145833
0 0.769792 0.500694 0.106250 0.140278
0 0.270833 0.260417 0.093750 0.129167
0 0.350000 0.873611 0.075000 0.141667
0 0.169792 0.795139 0.112500 0.115278
0 0.170833 0.162500 0.087500 0.105556
0 0.623437 0.939583 0.078125 0.115278
0 0.783333 0.683333 0.100000 0.116667
0 0.197396 0.259722 0.061458 0.113889
0 0.771875 0.256250 0.093750 0.129167
0 0.750000 0.877778 0.079167 0.108333
0 0.708854 0.140972 0.098958 0.173611
