0 0.381250 0.190972 0.106250 0.168056
0 0.267188 0.261806 0.101042 0.131944
0 0.171354 0.162500 0.088542 0.108333
0 0.625521 0.938194 0.080208 0.112500
0 0.196875 0.264583 0.064583 0.115278
0 0.273958 0.856250 0.068750 0.148611
0 0.350521 0.874306 0.076042 0.140278
0 0.169792 0.797222 0.112500 0.113889
0 0.648958 0.731944 0.095833 0.152778
0 0.769792 0.502083 0.106250 0.137500
0 0.267708 0.117361 0.075000 0.143056
0 0.750521 0.877778 0.078125 0.108333
0 0.143229 0.279861 0.061458 0.093056
0 0.481771 0.073611 0.069792 0.147222
