0 0.779167 0.690278 0.091667 0.130556
0 0.271875 0.118750 0.085417 0.143056
0 0.769271 0.500000 0.107292 0.141667
0 0.481250 0.075000 0.081250 0.150000
0 0.200521 0.259028 0.073958 0.115278
0 0.169792 0.796528 0.112500 0.115278
0 0.273438 0.256250 0.088542 0.123611
0 0.171354 0.163194 0.086458 0.106944
0 0.275521 0.865972 0.067708 0.145833
0 0.541667 0.890972 0.091667 0.218056
0 0.143750 0.286806 0.058333 0.084722
0 0.767708 0.241667 0.085417 0.155556
0 0.347917 0.876389 0.079167 0.144444
0 0.376563 0.206250 0.119792 0.137500
0 0.624479 0.940972 0.071875 0.112500
0 0.749479 0.877778 0.078125 0.108333
0 0.642708 0.732639 0.147917 0.190278
