0 0.648438 0.731944 0.101042 0.152778
0 0.673438 0.502778 0.084375 0.175000
0 0.750000 0.875694 0.077083 0.109722
0 0.589583 0.088194 0.087500 0.156944
0 0.226042 0.680556 0.093750 0.136111
0 0.779167 0.693056 0.091667 0.127778
0 0.142187 0.291667 0.057292 0.086111
0 0.772917 0.269444 0.089583 0.111111
0 0.626563 0.922917 0.082292 0.118056
0 0.482292 0.073611 0.077083 0.147222
0 0.269792 0.250000 0.091667 0.130556
0 0.169271 0.163889 0.086458 0.102778
0 0.777083 0.497222 0.091667 0.152778
0 0.268229 0.129861 0.088542 0.123611
0 0.354687 0.220833 0.073958 0.127778
