0 0.269271 0.120833 0.086458 0.147222
0 0.751042 0.875694 0.079167 0.109722
0 0.482292 0.075000 0.077083 0.150000
0 0.589583 0.087500 0.087500 0.158333
0 0.645312 0.734028 0.098958 0.154167
0 0.626563 0.922917 0.082292 0.120833
0 0.143229 0.290278 0.057292 0.083333
0 0.169792 0.163194 0.087500 0.104167
0 0.345833 0.228472 0.093750 0.115278
0 0.169271 0.795833 0.111458 0.111111
0 0.264583 0.250000 0.081250 0.130556
0 0.194271 0.259722 0.069792 0.113889
0 0.779687 0.693750 0.090625 0.126389
0 0.350521 0.872917 0.082292 0.123611
