0 0.382292 0.187500 0.110417 0.175000
0 0.675521 0.497917 0.088542 0.187500
0 0.771354 0.272917 0.088542 0.115278
0 0.775000 0.499306 0.097917 0.145833
0 0.646354 0.738194 0.105208 0.165278
0 0.269271 0.263194 0.096875 0.129167
0 0.348438 0.864583 0.080208 0.137500
0 0.779167 0.693056 0.093750 0.130556
0 0.170313 0.163194 0.088542 0.104167
0 0.751042 0.875694 0.079167 0.109722
0 0.627604 0.923611 0.082292 0.119444
0 0.488542 0.075000 0.070833 0.150000
0 0.590625 0.084722 0.085417 0.152778
0 0.272396 0.851389 0.063542 0.130556
0 0.141667 0.294444 0.058333 0.083333
0 0.229167 0.697917 0.112500 0.112500
0 0.170833 0.797222 0.112500 0.111111
0 0.563021 0.236806 0.101042 0.262500
0 0.276042 0.127083 0.077083 0.131944
