0 0.539583 0.895833 0.093750 0.208333
0 0.349479 0.863889 0.078125 0.136111
0 0.142708 0.295139 0.060417 0.084722
0 0.750521 0.875694 0.078125 0.109722
0 0.592708 0.086806 0.079167 0.156944
0 0.629167 0.921528 0.077083 0.118056
0 0.268229 0.256944 0.092708 0.127778
0 0.225521 0.672222 0.096875 0.152778
0 0.169792 0.163194 0.087500 0.104167
0 0.265104 0.128472 0.092708 0.126389
0 0.646354 0.738889 0.105208 0.161111
0 0.350000 0.215972 0.089583 0.123611
0 0.273438 0.852778 0.063542 0.130556
0 0.197917 0.256944 0.070833 0.113889
