0 0.347917 0.877083 0.079167 0.148611
0 0.643229 0.736806 0.094792 0.159722
0 0.198958 0.262500 0.066667 0.111111
0 0.626042 0.937500 0.077083 0.111111
0 0.169271 0.795833 0.113542 0.113889
0 0.273438 0.856250 0.067708 0.145833
0 0.769792 0.503472 0.106250 0.134722
0 0.267708 0.261806 0.097917 0.123611
0 0.352604 0.200694 0.076042 0.145833
0 0.170313 0.162500 0.086458 0.108333
0 0.485938 0.075000 0.076042 0.150000
1 0.516146 0.859028 0.107292 0.251389
0 0.751042 0.880556 0.077083 0.116667
0 0.143750 0.277778 0.054167 0.086111
