0 0.379688 0.193750 0.101042 0.159722
0 0.271875 0.118750 0.085417 0.143056
0 0.144271 0.287500 0.057292 0.088889
0 0.769271 0.500694 0.107292 0.143056
0 0.350000 0.872222 0.075000 0.141667
0 0.271354 0.261806 0.094792 0.131944
0 0.273958 0.854861 0.072917 0.145833
0 0.169271 0.795833 0.113542 0.113889
0 0.623437 0.939583 0.078125 0.115278
0 0.197396 0.262500 0.059375 0.116667
0 0.170313 0.162500 0.088542 0.105556
0 0.485938 0.075000 0.078125 0.150000
0 0.773958 0.261806 0.097917 0.120833
0 0.749479 0.876389 0.078125 0.108333
