0 0.592708 0.084722 0.079167 0.155556
0 0.349479 0.863194 0.078125 0.137500
0 0.272396 0.852083 0.063542 0.134722
0 0.482812 0.075000 0.082292 0.150000
0 0.145833 0.294444 0.068750 0.080556
0 0.169792 0.795139 0.112500 0.112500
0 0.627083 0.923611 0.081250 0.119444
0 0.201042 0.248611 0.068750 0.116667
0 0.579688 0.286806 0.111458 0.276389
0 0.267188 0.248611 0.090625 0.133333
0 0.350521 0.217361 0.088542 0.123611
0 0.771354 0.270139 0.088542 0.109722
0 0.264062 0.129861 0.092708 0.126389
0 0.170833 0.161806 0.089583 0.101389
0 0.675521 0.501389 0.086458 0.175000
0 0.779687 0.693750 0.088542 0.126389
0 0.646354 0.737500 0.105208 0.158333
