0 0.380208 0.188889 0.100000 0.169444
0 0.272396 0.118750 0.086458 0.143056
0 0.350521 0.870833 0.076042 0.138889
0 0.144792 0.287500 0.058333 0.088889
0 0.273438 0.855556 0.073958 0.141667
0 0.769792 0.500000 0.106250 0.141667
0 0.270313 0.263194 0.094792 0.131944
0 0.169792 0.795833 0.112500 0.113889
0 0.170313 0.163194 0.088542 0.106944
0 0.484896 0.075000 0.078125 0.150000
0 0.773438 0.257639 0.096875 0.129167
0 0.623437 0.939583 0.078125 0.115278
0 0.750000 0.877083 0.079167 0.109722
0 0.197917 0.266667 0.056250 0.105556
