0 0.272396 0.118750 0.086458 0.143056
0 0.144271 0.287500 0.057292 0.088889
0 0.373958 0.207639 0.110417 0.131944
0 0.769792 0.500694 0.106250 0.143056
0 0.351042 0.872222 0.075000 0.141667
0 0.273958 0.855556 0.072917 0.144444
0 0.169271 0.795833 0.113542 0.113889
0 0.623437 0.938889 0.078125 0.113889
0 0.270313 0.259722 0.094792 0.125000
0 0.170313 0.162500 0.088542 0.105556
0 0.770312 0.256944 0.090625 0.130556
0 0.487500 0.075000 0.075000 0.150000
0 0.588021 0.353472 0.123958 0.226389
0 0.196875 0.265278 0.060417 0.130556
0 0.750000 0.877083 0.077083 0.109722
