0 0.270313 0.122222 0.086458 0.138889
0 0.349479 0.863889 0.078125 0.136111
0 0.592708 0.086111 0.081250 0.161111
0 0.751042 0.875694 0.079167 0.109722
0 0.272917 0.852083 0.064583 0.134722
0 0.141667 0.295139 0.060417 0.079167
0 0.170313 0.795833 0.113542 0.111111
0 0.484896 0.073611 0.082292 0.147222
0 0.626563 0.922917 0.082292 0.118056
0 0.269792 0.249306 0.091667 0.129167
0 0.194271 0.259028 0.065625 0.109722
0 0.354167 0.224306 0.072917 0.126389
0 0.645312 0.737500 0.103125 0.158333
0 0.169271 0.165278 0.086458 0.100000
