0 0.675521 0.499306 0.088542 0.184722
0 0.349479 0.863194 0.078125 0.137500
0 0.771875 0.271528 0.089583 0.112500
0 0.144271 0.294444 0.059375 0.083333
0 0.646354 0.738889 0.105208 0.166667
0 0.542188 0.827083 0.111458 0.301389
0 0.225521 0.681944 0.094792 0.138889
0 0.778646 0.497917 0.088542 0.148611
0 0.779167 0.692361 0.091667 0.129167
0 0.592708 0.087500 0.079167 0.158333
0 0.267188 0.247917 0.090625 0.137500
0 0.751042 0.875694 0.079167 0.109722
0 0.273438 0.852778 0.063542 0.133333
0 0.265104 0.129167 0.090625 0.130556
0 0.170313 0.161806 0.088542 0.104167
0 0.197917 0.252083 0.070833 0.115278
0 0.349479 0.220139 0.090625 0.123611
0 0.630208 0.922222 0.075000 0.116667
0 0.170313 0.797222 0.113542 0.111111
0 0.487500 0.068056 0.077083 0.136111
