0 0.170833 0.162500 0.087500 0.108333
0 0.271875 0.855556 0.068750 0.147222
0 0.625000 0.938194 0.079167 0.112500
0 0.266146 0.264583 0.098958 0.131944
0 0.199479 0.265278 0.063542 0.113889
0 0.769792 0.504167 0.106250 0.136111
0 0.542188 0.134722 0.084375 0.261111
0 0.347917 0.873611 0.083333 0.144444
0 0.169792 0.795139 0.112500 0.115278
0 0.266146 0.117361 0.071875 0.140278
0 0.357812 0.206250 0.067708 0.134722
0 0.648438 0.733333 0.094792 0.152778
0 0.750521 0.878472 0.078125 0.112500
0 0.481771 0.073611 0.069792 0.147222
0 0.143750 0.277778 0.060417 0.091667
0 0.581250 0.365278 0.116667 0.255556
