0 0.271875 0.118056 0.085417 0.144444
0 0.778646 0.689583 0.092708 0.129167
0 0.769792 0.500694 0.106250 0.143056
0 0.481250 0.075694 0.081250 0.151389
0 0.143229 0.286806 0.057292 0.087500
0 0.387500 0.190278 0.116667 0.166667
0 0.273958 0.258333 0.089583 0.119444
0 0.623437 0.939583 0.078125 0.115278
0 0.273438 0.859028 0.069792 0.143056
0 0.170833 0.163194 0.087500 0.106944
0 0.169792 0.795833 0.112500 0.113889
0 0.348958 0.872917 0.077083 0.137500
0 0.766146 0.240972 0.082292 0.143056
0 0.204687 0.261111 0.069792 0.111111
0 0.749479 0.877778 0.078125 0.108333
