0 0.272396 0.118750 0.086458 0.143056
0 0.144792 0.286806 0.058333 0.087500
0 0.769792 0.500694 0.106250 0.143056
0 0.351042 0.872222 0.075000 0.141667
0 0.370833 0.206250 0.106250 0.134722
0 0.269792 0.259722 0.095833 0.125000
0 0.274479 0.856250 0.073958 0.143056
0 0.169271 0.795833 0.113542 0.113889
0 0.623437 0.938889 0.078125 0.113889
0 0.170313 0.162500 0.088542 0.105556
0 0.195833 0.256250 0.056250 0.112500
0 0.487500 0.075000 0.075000 0.150000
0 0.586458 0.429167 0.120833 0.225000
0 0.773438 0.252083 0.096875 0.134722
0 0.750000 0.877083 0.077083 0.109722
