0 0.349479 0.863889 0.078125 0.136111
0 0.142708 0.293750 0.060417 0.084722
0 0.751042 0.875694 0.079167 0.109722
0 0.592708 0.086806 0.079167 0.159722
0 0.225521 0.680556 0.094792 0.136111
0 0.267708 0.259028 0.093750 0.129167
0 0.169792 0.162500 0.089583 0.105556
0 0.628125 0.921528 0.079167 0.118056
0 0.265104 0.128472 0.092708 0.129167
0 0.349479 0.216667 0.086458 0.122222
0 0.196354 0.256250 0.067708 0.115278
0 0.646354 0.738889 0.105208 0.163889
0 0.273438 0.852778 0.063542 0.133333
0 0.548958 0.927083 0.062500 0.140278
0 0.771354 0.270139 0.088542 0.109722
0 0.779687 0.693750 0.090625 0.126389
0 0.490625 0.068750 0.072917 0.137500
0 0.675521 0.500000 0.084375 0.177778
0 0.170833 0.797917 0.112500 0.112500
