0 0.198958 0.264583 0.066667 0.109722
0 0.169271 0.795833 0.113542 0.113889
0 0.268229 0.263194 0.098958 0.123611
0 0.625521 0.938194 0.078125 0.112500
0 0.484896 0.075000 0.076042 0.150000
0 0.268750 0.118056 0.075000 0.141667
0 0.173437 0.163194 0.082292 0.104167
0 0.770312 0.503472 0.105208 0.134722
0 0.352604 0.889583 0.071875 0.159722
0 0.141667 0.281944 0.060417 0.094444
0 0.643750 0.736111 0.091667 0.158333
0 0.358333 0.200694 0.062500 0.145833
0 0.749479 0.878472 0.078125 0.106944
0 0.260937 0.872917 0.048958 0.115278
