0 0.675000 0.500694 0.087500 0.181944
0 0.592708 0.088194 0.079167 0.162500
0 0.349479 0.863194 0.078125 0.137500
0 0.771875 0.271528 0.089583 0.112500
0 0.145833 0.293750 0.068750 0.081944
0 0.272917 0.853472 0.064583 0.134722
0 0.779167 0.693056 0.091667 0.127778
0 0.750521 0.875694 0.078125 0.109722
0 0.170313 0.796528 0.113542 0.112500
0 0.627083 0.923611 0.081250 0.119444
0 0.486458 0.074306 0.070833 0.148611
0 0.646354 0.738889 0.107292 0.163889
0 0.197917 0.250694 0.068750 0.112500
0 0.348438 0.224306 0.092708 0.120833
0 0.265104 0.129167 0.092708 0.127778
0 0.588542 0.340972 0.116667 0.226389
0 0.264583 0.247917 0.081250 0.134722
0 0.778646 0.497222 0.088542 0.150000
0 0.170313 0.161806 0.090625 0.101389
