0 0.170833 0.162500 0.087500 0.108333
0 0.144271 0.287500 0.057292 0.094444
0 0.198958 0.263889 0.062500 0.108333
0 0.269792 0.257639 0.091667 0.112500
0 0.626042 0.938194 0.079167 0.112500
0 0.356771 0.197917 0.065625 0.148611
0 0.264062 0.120139 0.069792 0.134722
0 0.277604 0.863889 0.067708 0.144444
0 0.769792 0.503472 0.106250 0.134722
0 0.170313 0.796528 0.113542 0.112500
0 0.352604 0.889583 0.071875 0.159722
0 0.488542 0.073611 0.070833 0.147222
0 0.644792 0.735417 0.089583 0.156944
0 0.028646 0.341667 0.057292 0.113889
0 0.749479 0.878472 0.078125 0.106944
