0 0.271354 0.118750 0.084375 0.143056
0 0.350521 0.873611 0.076042 0.138889
0 0.769792 0.500000 0.106250 0.141667
0 0.267188 0.265972 0.098958 0.131944
0 0.369271 0.202083 0.107292 0.145833
0 0.197917 0.264583 0.068750 0.112500
0 0.142708 0.285417 0.056250 0.087500
0 0.539062 0.851389 0.103125 0.288889
0 0.170313 0.163194 0.088542 0.106944
0 0.275000 0.856250 0.072917 0.148611
0 0.169271 0.795139 0.113542 0.112500
0 0.627604 0.939583 0.071875 0.115278
0 0.765104 0.238889 0.080208 0.155556
0 0.487500 0.075000 0.075000 0.150000
0 0.749479 0.877778 0.078125 0.111111
