0 0.272396 0.118750 0.086458 0.143056
0 0.144792 0.287500 0.058333 0.088889
0 0.351042 0.872917 0.075000 0.140278
0 0.769792 0.500000 0.106250 0.141667
0 0.373437 0.206944 0.111458 0.133333
0 0.623437 0.939583 0.078125 0.115278
0 0.273958 0.855556 0.072917 0.144444
0 0.169271 0.795833 0.113542 0.113889
0 0.270313 0.259722 0.094792 0.125000
0 0.170313 0.162500 0.088542 0.105556
0 0.197396 0.261111 0.059375 0.122222
0 0.487500 0.075000 0.075000 0.150000
0 0.770312 0.255556 0.090625 0.130556
0 0.591146 0.372917 0.126042 0.190278
0 0.750000 0.877083 0.077083 0.109722
