0 0.170833 0.162500 0.087500 0.108333
0 0.144271 0.287500 0.057292 0.094444
0 0.270313 0.257639 0.092708 0.112500
0 0.626042 0.938194 0.079167 0.112500
0 0.356771 0.199306 0.065625 0.145833
0 0.200000 0.264583 0.060417 0.106944
0 0.263021 0.119444 0.069792 0.133333
0 0.277604 0.864583 0.067708 0.145833
0 0.769792 0.502778 0.106250 0.136111
0 0.170313 0.795833 0.113542 0.113889
0 0.488021 0.073611 0.069792 0.147222
0 0.353646 0.889583 0.071875 0.159722
0 0.644792 0.735417 0.091667 0.156944
0 0.028125 0.343750 0.056250 0.112500
0 0.749479 0.878472 0.078125 0.106944
