0 0.271354 0.119444 0.084375 0.144444
0 0.778646 0.689583 0.092708 0.129167
0 0.769271 0.500694 0.107292 0.143056
0 0.481250 0.075694 0.081250 0.151389
0 0.143750 0.286806 0.056250 0.084722
0 0.275000 0.861806 0.068750 0.140278
0 0.170833 0.164583 0.087500 0.106944
0 0.169792 0.796528 0.112500 0.112500
0 0.273958 0.257639 0.087500 0.118056
0 0.624479 0.940278 0.073958 0.113889
0 0.202083 0.261111 0.068750 0.111111
0 0.351562 0.895139 0.073958 0.179167
0 0.767188 0.245833 0.082292 0.144444
0 0.642708 0.738889 0.145833 0.197222
0 0.749479 0.877778 0.078125 0.108333
1 0.533854 0.880556 0.096875 0.238889
