0 0.144792 0.287500 0.058333 0.094444
0 0.626563 0.938194 0.080208 0.112500
0 0.269792 0.257639 0.091667 0.112500
0 0.197917 0.258333 0.066667 0.113889
0 0.170833 0.161111 0.087500 0.105556
0 0.357292 0.199306 0.064583 0.143056
0 0.170313 0.796528 0.113542 0.115278
0 0.770312 0.502778 0.105208 0.136111
0 0.278125 0.864583 0.066667 0.145833
0 0.644792 0.734722 0.095833 0.155556
0 0.260417 0.117361 0.062500 0.134722
0 0.486458 0.073611 0.072917 0.147222
0 0.749479 0.877778 0.078125 0.108333
0 0.353646 0.888889 0.071875 0.161111
