0 0.384375 0.189583 0.108333 0.170833
0 0.266667 0.265972 0.102083 0.140278
0 0.625000 0.938889 0.079167 0.113889
0 0.271875 0.856944 0.066667 0.150000
0 0.552604 0.193750 0.103125 0.265278
0 0.347917 0.875000 0.081250 0.141667
0 0.485417 0.073611 0.077083 0.147222
0 0.169792 0.797222 0.112500 0.113889
0 0.650000 0.731250 0.097917 0.151389
0 0.198958 0.265278 0.062500 0.113889
0 0.769792 0.502083 0.106250 0.137500
0 0.170833 0.162500 0.087500 0.108333
0 0.795312 0.256944 0.111458 0.127778
0 0.750521 0.877778 0.078125 0.108333
