0 0.271354 0.118750 0.084375 0.143056
0 0.350000 0.872917 0.077083 0.140278
0 0.625521 0.938889 0.078125 0.116667
0 0.267188 0.265972 0.098958 0.131944
0 0.198437 0.265278 0.067708 0.111111
0 0.769792 0.500000 0.106250 0.141667
0 0.369271 0.202778 0.109375 0.144444
0 0.143229 0.285417 0.057292 0.087500
0 0.529687 0.809028 0.107292 0.270833
0 0.169271 0.795139 0.113542 0.112500
0 0.170313 0.163889 0.088542 0.105556
0 0.275000 0.857639 0.070833 0.151389
0 0.749479 0.877083 0.078125 0.109722
0 0.487500 0.075000 0.075000 0.150000
0 0.764583 0.239583 0.079167 0.156944
