0 0.770312 0.268750 0.086458 0.115278
0 0.778646 0.690278 0.092708 0.130556
0 0.272396 0.118750 0.086458 0.143056
0 0.171354 0.165278 0.086458 0.108333
0 0.379167 0.199306 0.106250 0.151389
0 0.769271 0.500000 0.107292 0.141667
0 0.480729 0.075000 0.080208 0.150000
0 0.348958 0.865972 0.079167 0.134722
0 0.272396 0.859722 0.067708 0.144444
0 0.169271 0.795833 0.111458 0.113889
0 0.272917 0.259722 0.087500 0.116667
0 0.142708 0.286111 0.056250 0.086111
0 0.622917 0.939583 0.077083 0.112500
0 0.202604 0.273611 0.071875 0.116667
0 0.582812 0.370833 0.113542 0.219444
0 0.749479 0.877778 0.078125 0.108333
