0 0.380208 0.192361 0.104167 0.162500
0 0.271875 0.118750 0.085417 0.143056
0 0.267708 0.261806 0.100000 0.134722
0 0.273958 0.856250 0.068750 0.148611
0 0.772396 0.267361 0.094792 0.118056
0 0.625521 0.938194 0.078125 0.112500
0 0.193229 0.259028 0.069792 0.118056
0 0.485938 0.075000 0.078125 0.150000
0 0.169792 0.795833 0.112500 0.113889
0 0.350000 0.875694 0.075000 0.137500
0 0.142187 0.286806 0.057292 0.087500
0 0.769792 0.502083 0.106250 0.137500
0 0.173958 0.162500 0.081250 0.100000
0 0.750000 0.877778 0.077083 0.108333
1 0.572917 0.585417 0.102083 0.162500
