0 0.349479 0.863889 0.078125 0.136111
0 0.592708 0.086806 0.081250 0.159722
0 0.751042 0.875694 0.079167 0.109722
0 0.646354 0.738194 0.105208 0.162500
0 0.227083 0.672222 0.095833 0.152778
0 0.266667 0.125694 0.089583 0.126389
0 0.140625 0.295833 0.058333 0.083333
0 0.168229 0.162500 0.086458 0.105556
0 0.346875 0.212500 0.091667 0.127778
0 0.675521 0.500694 0.086458 0.179167
0 0.630208 0.921528 0.075000 0.115278
0 0.273438 0.850694 0.063542 0.126389
0 0.771354 0.268750 0.088542 0.109722
0 0.779687 0.693056 0.090625 0.127778
0 0.270313 0.254167 0.088542 0.113889
