0 0.170833 0.162500 0.087500 0.108333
0 0.350521 0.877778 0.076042 0.150000
0 0.267188 0.263194 0.098958 0.129167
0 0.275521 0.857639 0.069792 0.145833
0 0.169792 0.795833 0.112500 0.113889
0 0.751042 0.876389 0.079167 0.111111
0 0.647396 0.734722 0.090625 0.155556
0 0.197917 0.265278 0.062500 0.113889
0 0.769792 0.502778 0.106250 0.136111
0 0.485938 0.075000 0.076042 0.150000
0 0.359375 0.206250 0.068750 0.134722
0 0.553646 0.845833 0.103125 0.269444
0 0.259896 0.118056 0.061458 0.133333
0 0.627604 0.938889 0.071875 0.111111
