0 0.778646 0.690278 0.092708 0.130556
0 0.271354 0.118750 0.084375 0.143056
0 0.481250 0.075000 0.081250 0.150000
0 0.144271 0.286806 0.057292 0.087500
0 0.769271 0.500000 0.107292 0.141667
0 0.171875 0.163889 0.087500 0.108333
0 0.375521 0.203472 0.121875 0.143056
0 0.767188 0.245833 0.082292 0.147222
0 0.220833 0.644444 0.102083 0.133333
0 0.273958 0.256944 0.087500 0.119444
0 0.275521 0.866667 0.069792 0.144444
0 0.170313 0.797222 0.113542 0.113889
0 0.623958 0.940972 0.072917 0.112500
0 0.205729 0.260417 0.069792 0.112500
0 0.749479 0.877778 0.078125 0.108333
0 0.632292 0.736806 0.127083 0.193056
0 0.352083 0.879861 0.070833 0.148611
0 0.543750 0.904167 0.087500 0.186111
