0 0.272396 0.118750 0.086458 0.143056
0 0.350521 0.872222 0.076042 0.141667
0 0.378646 0.203472 0.098958 0.140278
0 0.769792 0.500694 0.106250 0.143056
0 0.775521 0.260417 0.092708 0.126389
0 0.143229 0.287500 0.055208 0.088889
0 0.273438 0.855556 0.071875 0.144444
0 0.169271 0.795833 0.113542 0.113889
0 0.271354 0.261806 0.094792 0.131944
0 0.486458 0.075000 0.077083 0.150000
0 0.623437 0.939583 0.078125 0.115278
0 0.170313 0.162500 0.088542 0.105556
0 0.196354 0.266667 0.063542 0.130556
0 0.750521 0.877083 0.078125 0.109722
