0 0.780208 0.688194 0.095833 0.126389
0 0.271875 0.118750 0.085417 0.143056
0 0.765625 0.243750 0.081250 0.148611
0 0.386979 0.188889 0.113542 0.172222
0 0.481771 0.074306 0.080208 0.148611
0 0.143229 0.286806 0.057292 0.087500
0 0.769792 0.500694 0.106250 0.143056
0 0.274479 0.856250 0.073958 0.145833
0 0.270313 0.259722 0.096875 0.122222
0 0.201563 0.261111 0.071875 0.113889
0 0.350000 0.872222 0.075000 0.138889
0 0.169792 0.795833 0.112500 0.113889
0 0.588542 0.414583 0.114583 0.226389
0 0.170833 0.163194 0.087500 0.106944
0 0.623437 0.939583 0.078125 0.115278
0 0.750521 0.877778 0.078125 0.108333
0 0.631250 0.738194 0.125000 0.193056
