0 0.374479 0.195833 0.107292 0.158333
0 0.271354 0.118750 0.084375 0.143056
0 0.626042 0.939583 0.079167 0.112500
0 0.267708 0.263889 0.100000 0.133333
0 0.769792 0.264583 0.089583 0.120833
0 0.271354 0.854861 0.071875 0.148611
0 0.196875 0.259722 0.068750 0.116667
0 0.171354 0.162500 0.088542 0.105556
0 0.223958 0.640972 0.102083 0.112500
0 0.349479 0.875000 0.076042 0.136111
0 0.486458 0.075000 0.077083 0.150000
0 0.769792 0.502083 0.106250 0.137500
0 0.169271 0.795833 0.111458 0.113889
1 0.556771 0.741667 0.107292 0.266667
0 0.145313 0.286806 0.053125 0.081944
0 0.750000 0.877778 0.077083 0.108333
0 0.652083 0.677778 0.114583 0.205556
