0 0.349479 0.863889 0.078125 0.136111
0 0.142708 0.294444 0.060417 0.086111
0 0.751042 0.875694 0.079167 0.109722
0 0.592708 0.086806 0.079167 0.159722
0 0.226042 0.679167 0.093750 0.138889
0 0.267708 0.258333 0.093750 0.127778
0 0.628125 0.922222 0.079167 0.119444
0 0.169271 0.162500 0.088542 0.105556
0 0.265104 0.129167 0.092708 0.130556
0 0.351042 0.215972 0.085417 0.123611
0 0.646354 0.738889 0.105208 0.163889
0 0.273438 0.852083 0.063542 0.131944
0 0.196875 0.256250 0.066667 0.115278
0 0.771354 0.270139 0.088542 0.109722
0 0.779167 0.693056 0.089583 0.127778
0 0.675521 0.500000 0.086458 0.177778
0 0.170833 0.797222 0.112500 0.111111
