0 0.778646 0.690278 0.092708 0.130556
0 0.271354 0.118750 0.084375 0.143056
0 0.769271 0.500694 0.107292 0.143056
0 0.481250 0.075000 0.081250 0.150000
0 0.144271 0.286111 0.057292 0.086111
0 0.767188 0.247222 0.084375 0.144444
0 0.273958 0.257639 0.087500 0.120833
0 0.275000 0.864583 0.068750 0.143056
0 0.170833 0.164583 0.087500 0.106944
0 0.374479 0.204861 0.121875 0.140278
0 0.169792 0.797222 0.112500 0.113889
0 0.351042 0.881944 0.072917 0.158333
0 0.623437 0.940278 0.073958 0.113889
0 0.221875 0.659028 0.100000 0.112500
0 0.535417 0.904167 0.093750 0.191667
0 0.749479 0.877778 0.078125 0.108333
0 0.205208 0.259722 0.070833 0.113889
0 0.631250 0.738889 0.125000 0.194444
