0 0.379688 0.191667 0.101042 0.163889
0 0.271875 0.118750 0.085417 0.143056
0 0.144271 0.287500 0.057292 0.088889
0 0.350000 0.871528 0.075000 0.140278
0 0.769271 0.500000 0.107292 0.141667
0 0.270833 0.261806 0.093750 0.129167
0 0.273438 0.855556 0.073958 0.144444
0 0.169271 0.795833 0.113542 0.113889
0 0.623437 0.939583 0.078125 0.115278
0 0.170313 0.163194 0.088542 0.106944
0 0.485938 0.075000 0.076042 0.150000
0 0.198958 0.259722 0.058333 0.113889
0 0.773438 0.262500 0.096875 0.122222
0 0.749479 0.877083 0.078125 0.109722
