0 0.268229 0.125000 0.088542 0.133333
0 0.648438 0.731250 0.101042 0.154167
0 0.751042 0.875000 0.079167 0.111111
0 0.674479 0.502083 0.084375 0.176389
0 0.589583 0.086806 0.087500 0.159722
0 0.141667 0.290278 0.056250 0.083333
0 0.626563 0.922917 0.082292 0.120833
0 0.779167 0.693056 0.091667 0.127778
0 0.269792 0.250000 0.091667 0.130556
0 0.169792 0.163889 0.087500 0.102778
0 0.482292 0.073611 0.077083 0.147222
0 0.772917 0.270139 0.089583 0.112500
0 0.169271 0.795833 0.111458 0.111111
0 0.194271 0.259722 0.069792 0.113889
0 0.354687 0.222222 0.071875 0.127778
