0 0.771354 0.272917 0.088542 0.115278
0 0.779167 0.693056 0.093750 0.130556
0 0.646354 0.738194 0.105208 0.165278
0 0.592708 0.087500 0.081250 0.161111
0 0.751042 0.875694 0.079167 0.109722
0 0.347396 0.203472 0.088542 0.143056
0 0.773958 0.500694 0.097917 0.145833
0 0.627604 0.922917 0.082292 0.120833
0 0.349479 0.868056 0.078125 0.127778
0 0.266146 0.125000 0.086458 0.125000
0 0.676562 0.503472 0.082292 0.176389
0 0.270313 0.261806 0.092708 0.126389
0 0.168750 0.163194 0.087500 0.104167
0 0.228125 0.679861 0.093750 0.137500
0 0.140625 0.294444 0.058333 0.086111
0 0.489063 0.072222 0.069792 0.144444
0 0.273438 0.854167 0.063542 0.130556
0 0.579688 0.480556 0.086458 0.202778
