0 0.271875 0.118056 0.085417 0.144444
0 0.779687 0.689583 0.094792 0.126389
0 0.481250 0.075000 0.081250 0.150000
0 0.386458 0.190278 0.112500 0.169444
0 0.143750 0.286806 0.056250 0.087500
0 0.769792 0.500694 0.106250 0.143056
0 0.271875 0.260417 0.093750 0.123611
0 0.274479 0.857639 0.071875 0.145833
0 0.170833 0.163194 0.087500 0.106944
0 0.169792 0.795833 0.112500 0.113889
0 0.766146 0.240278 0.082292 0.141667
0 0.623437 0.939583 0.078125 0.115278
0 0.349479 0.872222 0.076042 0.136111
0 0.203646 0.262500 0.069792 0.111111
0 0.749479 0.877778 0.078125 0.108333
