0 0.376563 0.195833 0.105208 0.158333
0 0.271875 0.118750 0.085417 0.143056
0 0.626042 0.938889 0.079167 0.113889
0 0.267708 0.263194 0.100000 0.134722
0 0.771354 0.266667 0.092708 0.119444
0 0.273438 0.855556 0.071875 0.150000
0 0.196875 0.259722 0.068750 0.116667
0 0.350000 0.874306 0.075000 0.137500
0 0.169792 0.795833 0.112500 0.113889
0 0.485938 0.075000 0.078125 0.150000
0 0.171354 0.162500 0.088542 0.105556
0 0.769792 0.502778 0.106250 0.136111
1 0.559896 0.713194 0.111458 0.231944
0 0.223438 0.639583 0.098958 0.104167
0 0.750000 0.877778 0.077083 0.108333
0 0.657813 0.679861 0.121875 0.206944
