0 0.271875 0.117361 0.085417 0.143056
0 0.780208 0.689583 0.093750 0.126389
0 0.386979 0.188889 0.113542 0.172222
0 0.481771 0.075000 0.080208 0.150000
0 0.143750 0.286806 0.056250 0.087500
0 0.769792 0.500694 0.106250 0.143056
0 0.766146 0.241667 0.082292 0.144444
0 0.275000 0.857639 0.072917 0.145833
0 0.271354 0.259722 0.094792 0.122222
0 0.170833 0.163194 0.087500 0.106944
0 0.169792 0.795833 0.112500 0.113889
0 0.623437 0.939583 0.078125 0.115278
0 0.349479 0.872222 0.076042 0.136111
0 0.203125 0.262500 0.068750 0.111111
0 0.750000 0.877778 0.077083 0.108333
