0 0.349479 0.863194 0.078125 0.137500
0 0.272917 0.854861 0.064583 0.137500
0 0.145833 0.293750 0.068750 0.081944
0 0.169792 0.797222 0.112500 0.111111
0 0.627083 0.923611 0.081250 0.119444
0 0.350000 0.225694 0.093750 0.118056
0 0.200521 0.249306 0.069792 0.115278
0 0.265104 0.130556 0.092708 0.127778
0 0.771354 0.270139 0.088542 0.109722
0 0.266146 0.249306 0.082292 0.129167
0 0.675000 0.500694 0.085417 0.176389
0 0.486979 0.069444 0.065625 0.138889
0 0.646354 0.738889 0.105208 0.161111
0 0.752083 0.879167 0.081250 0.105556
1 0.559896 0.124306 0.090625 0.229167
0 0.170833 0.162500 0.089583 0.100000
