0 0.271354 0.118056 0.084375 0.141667
0 0.371875 0.201389 0.110417 0.147222
0 0.144271 0.286111 0.057292 0.086111
0 0.769271 0.500694 0.107292 0.143056
0 0.273958 0.853472 0.072917 0.145833
0 0.350000 0.875694 0.075000 0.137500
0 0.268229 0.259028 0.098958 0.123611
0 0.197396 0.256944 0.065625 0.116667
0 0.169792 0.795833 0.112500 0.113889
0 0.629167 0.938194 0.077083 0.112500
0 0.765104 0.235417 0.080208 0.159722
0 0.170313 0.162500 0.088542 0.102778
0 0.488021 0.074306 0.073958 0.148611
0 0.750000 0.878472 0.077083 0.109722
