0 0.271354 0.118750 0.084375 0.143056
0 0.372917 0.196528 0.108333 0.156944
0 0.170833 0.163194 0.087500 0.106944
0 0.197396 0.262500 0.065625 0.113889
0 0.271354 0.849306 0.078125 0.137500
0 0.267188 0.263889 0.101042 0.130556
0 0.349479 0.875000 0.076042 0.138889
0 0.626563 0.938889 0.073958 0.111111
0 0.143750 0.286111 0.056250 0.086111
0 0.169271 0.796528 0.111458 0.115278
0 0.487500 0.074306 0.075000 0.148611
0 0.769271 0.504861 0.107292 0.131944
0 0.761979 0.238194 0.073958 0.154167
0 0.749479 0.877778 0.076042 0.108333
