0 0.381771 0.187500 0.103125 0.175000
0 0.272396 0.118056 0.086458 0.141667
0 0.144792 0.287500 0.058333 0.088889
0 0.482812 0.075000 0.082292 0.150000
0 0.350000 0.873611 0.075000 0.141667
0 0.273958 0.855556 0.072917 0.144444
0 0.770312 0.500694 0.107292 0.140278
0 0.270833 0.262500 0.095833 0.127778
0 0.170313 0.163194 0.088542 0.106944
0 0.169271 0.794444 0.113542 0.113889
0 0.623437 0.939583 0.078125 0.115278
0 0.772917 0.249306 0.093750 0.145833
0 0.750000 0.877083 0.079167 0.109722
0 0.198437 0.263889 0.055208 0.102778
0 0.780729 0.679861 0.094792 0.115278
