0 0.770312 0.269444 0.086458 0.113889
0 0.778646 0.690972 0.092708 0.129167
0 0.272917 0.118750 0.087500 0.143056
0 0.377083 0.202778 0.110417 0.144444
0 0.769792 0.500000 0.106250 0.141667
0 0.479167 0.074306 0.077083 0.148611
0 0.348438 0.865972 0.080208 0.134722
0 0.170833 0.165278 0.087500 0.108333
0 0.169271 0.795833 0.111458 0.113889
0 0.272917 0.861111 0.066667 0.141667
0 0.145313 0.281250 0.057292 0.090278
0 0.622917 0.940278 0.077083 0.113889
0 0.271354 0.257639 0.090625 0.115278
0 0.198437 0.270139 0.071875 0.112500
0 0.749479 0.877778 0.078125 0.108333
0 0.616146 0.739583 0.113542 0.181944
1 0.571354 0.141667 0.101042 0.252778
