0 0.380208 0.191667 0.104167 0.166667
0 0.271875 0.118750 0.085417 0.143056
0 0.625521 0.938194 0.078125 0.112500
0 0.267708 0.262500 0.100000 0.136111
0 0.273438 0.856250 0.067708 0.148611
0 0.772396 0.268056 0.094792 0.116667
0 0.485938 0.075000 0.078125 0.150000
0 0.169792 0.795833 0.112500 0.113889
0 0.349479 0.875694 0.076042 0.137500
0 0.142708 0.287500 0.058333 0.083333
0 0.769271 0.502083 0.107292 0.137500
0 0.202604 0.246528 0.067708 0.145833
0 0.652083 0.734722 0.102083 0.152778
0 0.750000 0.877778 0.079167 0.108333
