0 0.145313 0.287500 0.059375 0.097222
0 0.626563 0.938194 0.080208 0.112500
0 0.269792 0.257639 0.091667 0.112500
0 0.643750 0.735417 0.097917 0.156944
0 0.356771 0.199306 0.065625 0.145833
0 0.170313 0.797222 0.113542 0.113889
0 0.171354 0.161111 0.086458 0.105556
0 0.278125 0.864583 0.066667 0.145833
0 0.769792 0.502778 0.106250 0.136111
0 0.201042 0.252083 0.062500 0.115278
0 0.259896 0.116667 0.059375 0.136111
0 0.486979 0.073611 0.071875 0.147222
0 0.353646 0.888889 0.071875 0.161111
0 0.749479 0.877778 0.078125 0.108333
