0 0.770312 0.269444 0.086458 0.113889
0 0.778646 0.690972 0.092708 0.129167
0 0.272396 0.118750 0.086458 0.143056
0 0.769271 0.500000 0.107292 0.141667
0 0.378125 0.202778 0.110417 0.144444
0 0.170833 0.165278 0.087500 0.108333
0 0.480208 0.073611 0.079167 0.147222
0 0.348958 0.865972 0.079167 0.134722
0 0.273438 0.860417 0.065625 0.143056
0 0.169271 0.795833 0.111458 0.113889
0 0.271875 0.258333 0.089583 0.113889
0 0.145313 0.281250 0.057292 0.090278
0 0.622917 0.939583 0.077083 0.115278
0 0.197917 0.269444 0.072917 0.108333
0 0.749479 0.878472 0.078125 0.106944
1 0.572396 0.172917 0.088542 0.251389
