0 0.268750 0.125694 0.087500 0.134722
0 0.751042 0.875694 0.079167 0.109722
0 0.593229 0.086111 0.080208 0.161111
0 0.350000 0.863889 0.077083 0.136111
0 0.143750 0.294444 0.062500 0.080556
0 0.268750 0.248611 0.093750 0.133333
0 0.626563 0.922917 0.082292 0.118056
0 0.197396 0.246528 0.076042 0.120833
0 0.227083 0.677778 0.087500 0.138889
0 0.484896 0.072917 0.082292 0.145833
0 0.273438 0.851389 0.063542 0.136111
0 0.170833 0.161111 0.089583 0.100000
0 0.356250 0.224306 0.066667 0.126389
0 0.644792 0.738194 0.102083 0.159722
