0 0.779167 0.689583 0.093750 0.129167
0 0.271875 0.118056 0.085417 0.144444
0 0.769792 0.500694 0.106250 0.143056
0 0.481250 0.075000 0.081250 0.150000
0 0.143750 0.286806 0.056250 0.087500
0 0.387500 0.190278 0.116667 0.169444
0 0.273958 0.258333 0.089583 0.119444
0 0.275000 0.858333 0.070833 0.144444
0 0.170833 0.163194 0.087500 0.106944
0 0.623437 0.939583 0.078125 0.115278
0 0.169792 0.795833 0.112500 0.113889
0 0.766146 0.240278 0.082292 0.141667
0 0.349479 0.871528 0.076042 0.137500
0 0.204167 0.261111 0.070833 0.111111
0 0.749479 0.877778 0.078125 0.108333
