0 0.271354 0.118750 0.084375 0.143056
0 0.373437 0.198611 0.109375 0.152778
0 0.768229 0.254167 0.084375 0.130556
0 0.267188 0.263889 0.101042 0.133333
0 0.223438 0.648611 0.098958 0.113889
0 0.170833 0.162500 0.087500 0.105556
0 0.195312 0.261806 0.069792 0.118056
0 0.270313 0.852083 0.076042 0.143056
0 0.769271 0.501389 0.107292 0.138889
0 0.627604 0.940278 0.073958 0.111111
0 0.350000 0.875000 0.075000 0.136111
0 0.169271 0.795833 0.111458 0.113889
0 0.488021 0.074306 0.073958 0.148611
0 0.141667 0.286111 0.054167 0.086111
0 0.651042 0.680556 0.135417 0.238889
1 0.548438 0.837500 0.101042 0.280556
0 0.749479 0.877778 0.076042 0.108333
