0 0.779167 0.690278 0.091667 0.130556
0 0.272396 0.119444 0.086458 0.144444
0 0.769271 0.500000 0.107292 0.141667
0 0.481250 0.075000 0.081250 0.150000
0 0.538021 0.890278 0.096875 0.219444
0 0.275000 0.865972 0.068750 0.145833
0 0.169792 0.795833 0.112500 0.113889
0 0.171354 0.163889 0.086458 0.105556
0 0.273438 0.255556 0.088542 0.125000
0 0.144792 0.286806 0.058333 0.084722
0 0.201042 0.256944 0.072917 0.113889
0 0.767708 0.242361 0.085417 0.154167
0 0.749479 0.877778 0.078125 0.108333
0 0.376563 0.208333 0.117708 0.133333
0 0.625000 0.940972 0.072917 0.112500
0 0.346875 0.877778 0.079167 0.144444
0 0.642708 0.732639 0.145833 0.190278
