0 0.349479 0.863889 0.078125 0.136111
0 0.142187 0.294444 0.061458 0.083333
0 0.751042 0.875694 0.079167 0.109722
0 0.592708 0.087500 0.079167 0.158333
0 0.268229 0.258333 0.092708 0.127778
0 0.541667 0.907639 0.104167 0.184722
0 0.646354 0.738889 0.105208 0.163889
0 0.170313 0.163194 0.088542 0.104167
0 0.226562 0.676389 0.094792 0.147222
0 0.265104 0.128472 0.092708 0.126389
0 0.628125 0.921528 0.079167 0.118056
0 0.350521 0.213889 0.086458 0.127778
0 0.198437 0.256250 0.069792 0.115278
0 0.771354 0.270833 0.088542 0.111111
0 0.273438 0.852778 0.063542 0.130556
0 0.675000 0.500694 0.085417 0.179167
0 0.779687 0.693056 0.090625 0.127778
