0 0.626563 0.938194 0.080208 0.112500
0 0.145833 0.288194 0.060417 0.095833
0 0.270313 0.257639 0.090625 0.112500
0 0.170313 0.797222 0.113542 0.113889
0 0.643229 0.736111 0.096875 0.158333
0 0.356250 0.198611 0.066667 0.147222
0 0.278646 0.864583 0.067708 0.145833
0 0.769792 0.502778 0.106250 0.136111
0 0.170833 0.160417 0.085417 0.106944
0 0.203125 0.250694 0.062500 0.115278
0 0.486979 0.073611 0.071875 0.147222
0 0.353646 0.888194 0.071875 0.159722
0 0.259375 0.116667 0.058333 0.133333
0 0.749479 0.877778 0.078125 0.108333
