0 0.383333 0.188194 0.106250 0.173611
0 0.271875 0.118750 0.085417 0.143056
0 0.772917 0.259028 0.091667 0.134722
0 0.482292 0.075000 0.081250 0.150000
0 0.769792 0.500000 0.106250 0.141667
0 0.142708 0.287500 0.056250 0.088889
0 0.269271 0.263194 0.098958 0.129167
0 0.170833 0.163194 0.087500 0.106944
0 0.275521 0.857639 0.073958 0.145833
0 0.196875 0.263889 0.068750 0.111111
0 0.169792 0.795833 0.112500 0.113889
0 0.782292 0.681944 0.100000 0.113889
0 0.350521 0.871528 0.076042 0.137500
0 0.603125 0.201389 0.106250 0.266667
0 0.622917 0.938889 0.077083 0.113889
0 0.751042 0.877778 0.079167 0.108333
0 0.222396 0.635417 0.098958 0.104167
