0 0.592708 0.086806 0.081250 0.159722
0 0.771875 0.271528 0.089583 0.112500
0 0.675000 0.499306 0.087500 0.181944
0 0.349479 0.863889 0.078125 0.136111
0 0.751042 0.875694 0.079167 0.109722
0 0.779167 0.692361 0.091667 0.129167
0 0.266667 0.125000 0.087500 0.125000
0 0.776042 0.497917 0.093750 0.148611
0 0.345313 0.211111 0.094792 0.130556
0 0.270313 0.261806 0.090625 0.123611
0 0.228125 0.675694 0.093750 0.145833
0 0.142187 0.295139 0.057292 0.084722
0 0.628125 0.923611 0.081250 0.119444
0 0.167708 0.163889 0.085417 0.102778
0 0.652604 0.738889 0.092708 0.163889
