0 0.145833 0.288194 0.058333 0.093056
0 0.626042 0.938194 0.079167 0.112500
0 0.269792 0.256944 0.091667 0.116667
0 0.169792 0.795833 0.112500 0.113889
0 0.355729 0.197917 0.067708 0.148611
0 0.349479 0.888889 0.076042 0.163889
0 0.170313 0.161806 0.086458 0.104167
0 0.278125 0.863889 0.064583 0.147222
0 0.259896 0.118056 0.059375 0.136111
0 0.200000 0.250694 0.068750 0.112500
0 0.486979 0.073611 0.071875 0.147222
0 0.643750 0.734722 0.093750 0.155556
0 0.769792 0.509722 0.106250 0.125000
0 0.748958 0.881250 0.077083 0.115278
