0 0.380208 0.190972 0.104167 0.168056
0 0.267708 0.265278 0.102083 0.136111
0 0.272396 0.117361 0.084375 0.140278
0 0.273438 0.856944 0.069792 0.150000
0 0.625000 0.938889 0.079167 0.113889
0 0.772917 0.267361 0.095833 0.118056
0 0.485938 0.075000 0.078125 0.150000
0 0.169792 0.795833 0.112500 0.113889
0 0.349479 0.876389 0.076042 0.138889
0 0.190104 0.162500 0.071875 0.105556
0 0.581250 0.406250 0.118750 0.195833
0 0.769792 0.502778 0.106250 0.138889
0 0.650000 0.735417 0.097917 0.159722
0 0.750000 0.878472 0.079167 0.106944
0 0.198958 0.256944 0.060417 0.119444
