0 0.170833 0.162500 0.087500 0.108333
0 0.626563 0.938194 0.080208 0.112500
0 0.144271 0.287500 0.057292 0.094444
0 0.198958 0.262500 0.064583 0.111111
0 0.269271 0.257639 0.090625 0.112500
0 0.358333 0.199306 0.064583 0.145833
0 0.170833 0.796528 0.114583 0.115278
0 0.278125 0.865278 0.066667 0.144444
0 0.770312 0.502778 0.105208 0.136111
0 0.260417 0.118056 0.062500 0.136111
0 0.488021 0.073611 0.069792 0.147222
0 0.645312 0.733333 0.092708 0.155556
0 0.353646 0.888889 0.071875 0.161111
0 0.749479 0.878472 0.078125 0.106944
