0 0.778646 0.690278 0.092708 0.130556
0 0.272396 0.118750 0.086458 0.143056
0 0.378125 0.193056 0.104167 0.163889
0 0.769271 0.500694 0.107292 0.143056
0 0.481250 0.075000 0.081250 0.150000
0 0.347917 0.873611 0.081250 0.141667
0 0.143750 0.286806 0.056250 0.084722
0 0.624479 0.940278 0.076042 0.113889
0 0.273958 0.860417 0.066667 0.143056
0 0.766146 0.241667 0.082292 0.144444
0 0.275521 0.255556 0.086458 0.119444
0 0.169792 0.796528 0.112500 0.112500
0 0.170833 0.164583 0.087500 0.106944
1 0.539583 0.828472 0.108333 0.295833
0 0.749479 0.877778 0.078125 0.108333
0 0.645312 0.741667 0.142708 0.200000
0 0.202604 0.260417 0.071875 0.112500
