0 0.271354 0.118750 0.084375 0.143056
0 0.542708 0.879861 0.089583 0.240278
0 0.769271 0.500694 0.107292 0.143056
0 0.266667 0.265972 0.100000 0.134722
0 0.369271 0.202083 0.109375 0.145833
0 0.274479 0.855556 0.069792 0.150000
0 0.350000 0.875000 0.075000 0.136111
0 0.197917 0.262500 0.066667 0.113889
0 0.169792 0.795833 0.112500 0.113889
0 0.170313 0.163889 0.088542 0.105556
0 0.143750 0.286806 0.056250 0.084722
0 0.488021 0.074306 0.073958 0.148611
0 0.759896 0.241667 0.069792 0.147222
0 0.749479 0.877083 0.078125 0.109722
0 0.627604 0.939583 0.071875 0.112500
