0 0.380208 0.193056 0.104167 0.161111
0 0.271875 0.118750 0.085417 0.143056
0 0.267708 0.261806 0.100000 0.134722
0 0.772396 0.267361 0.094792 0.118056
0 0.625521 0.938889 0.078125 0.113889
0 0.274479 0.856250 0.069792 0.148611
0 0.194792 0.259722 0.068750 0.116667
0 0.349479 0.875694 0.076042 0.137500
0 0.485938 0.075000 0.078125 0.150000
0 0.169792 0.796528 0.112500 0.112500
0 0.769271 0.502083 0.107292 0.137500
0 0.142187 0.287500 0.057292 0.083333
0 0.173437 0.162500 0.084375 0.105556
0 0.750000 0.877778 0.077083 0.108333
