0 0.272396 0.118750 0.086458 0.143056
0 0.371875 0.202083 0.106250 0.145833
0 0.267708 0.263194 0.100000 0.134722
0 0.769792 0.500000 0.106250 0.141667
0 0.350000 0.873611 0.075000 0.138889
0 0.170313 0.163194 0.088542 0.106944
0 0.196875 0.263889 0.070833 0.111111
0 0.276562 0.856944 0.071875 0.147222
0 0.625000 0.938889 0.083333 0.113889
0 0.569271 0.570139 0.115625 0.168056
0 0.169792 0.795139 0.112500 0.112500
0 0.143750 0.285417 0.056250 0.087500
0 0.770312 0.244444 0.090625 0.147222
0 0.486979 0.075000 0.076042 0.150000
0 0.749479 0.877083 0.078125 0.109722
