0 0.272396 0.118750 0.086458 0.143056
0 0.351042 0.872222 0.075000 0.141667
0 0.769792 0.500694 0.106250 0.143056
0 0.272917 0.854861 0.072917 0.143056
0 0.143750 0.287500 0.056250 0.088889
0 0.378125 0.209722 0.102083 0.127778
0 0.775521 0.259028 0.092708 0.126389
0 0.270833 0.261806 0.093750 0.129167
0 0.169271 0.795833 0.113542 0.113889
0 0.486458 0.075000 0.077083 0.150000
0 0.623437 0.938889 0.078125 0.113889
0 0.170313 0.162500 0.088542 0.105556
0 0.196875 0.268750 0.064583 0.134722
1 0.592187 0.263889 0.088542 0.244444
0 0.750521 0.877083 0.078125 0.109722
