0 0.383333 0.188194 0.106250 0.173611
0 0.271875 0.118056 0.085417 0.144444
0 0.772396 0.263889 0.092708 0.125000
0 0.482292 0.075000 0.081250 0.150000
0 0.269271 0.262500 0.098958 0.127778
0 0.769792 0.500694 0.106250 0.140278
0 0.275521 0.857639 0.073958 0.145833
0 0.196875 0.261806 0.066667 0.112500
0 0.170833 0.163194 0.087500 0.106944
0 0.782813 0.683333 0.098958 0.116667
0 0.142708 0.288194 0.056250 0.087500
0 0.350000 0.872222 0.075000 0.138889
0 0.623437 0.939583 0.078125 0.115278
0 0.169792 0.795833 0.112500 0.113889
0 0.750000 0.877778 0.079167 0.108333
0 0.618229 0.181944 0.111458 0.213889
