0 0.270313 0.121528 0.084375 0.140278
0 0.350000 0.863889 0.077083 0.136111
0 0.592708 0.086111 0.081250 0.161111
0 0.143229 0.293750 0.061458 0.081944
0 0.751042 0.875694 0.079167 0.109722
0 0.273958 0.852083 0.064583 0.134722
0 0.626563 0.922917 0.082292 0.118056
0 0.269792 0.250000 0.091667 0.130556
0 0.194271 0.257639 0.067708 0.112500
0 0.169792 0.162500 0.087500 0.102778
0 0.485417 0.072917 0.081250 0.145833
0 0.228646 0.696528 0.098958 0.109722
0 0.356250 0.224306 0.068750 0.126389
0 0.170313 0.795833 0.113542 0.108333
