0 0.270833 0.122222 0.083333 0.141667
0 0.350000 0.863889 0.077083 0.136111
0 0.143750 0.294444 0.060417 0.080556
0 0.751042 0.875694 0.079167 0.109722
0 0.593229 0.086111 0.080208 0.161111
0 0.226562 0.691667 0.088542 0.116667
0 0.626563 0.922917 0.082292 0.118056
0 0.273958 0.852083 0.062500 0.134722
0 0.269792 0.248611 0.091667 0.130556
0 0.169792 0.162500 0.087500 0.102778
0 0.193750 0.257639 0.068750 0.112500
0 0.485417 0.072917 0.083333 0.145833
0 0.354167 0.222222 0.070833 0.130556
0 0.645312 0.738194 0.103125 0.159722
