0 0.626563 0.938194 0.080208 0.112500
0 0.145833 0.288194 0.060417 0.095833
0 0.269792 0.256944 0.091667 0.113889
0 0.169792 0.797222 0.112500 0.113889
0 0.769792 0.502778 0.106250 0.136111
0 0.357812 0.200000 0.065625 0.144444
0 0.277604 0.865278 0.067708 0.147222
0 0.170833 0.162500 0.083333 0.108333
0 0.643229 0.736111 0.096875 0.155556
0 0.353646 0.889583 0.071875 0.162500
0 0.486979 0.073611 0.071875 0.147222
0 0.260417 0.117361 0.060417 0.134722
0 0.203646 0.253472 0.061458 0.106944
0 0.749479 0.877778 0.078125 0.108333
