0 0.5328125 0.89453125 0.08828125 0.2109375
0 0.62890625 0.740625 0.12578125 0.19609375
0 0.68671875 0.7359375 0.075 0.1859375
0 0.78203125 0.68515625 0.09375 0.18203125
0 0.77265625 0.5109375 0.10703125 0.13046875
0 0.76484375 0.234375 0.09765625 0.171875
0 0.37109375 0.20625 0.11953125 0.14296875
0 0.4765625 0.07890625 0.090625 0.1578125
0 0.27890625 0.11953125 0.08515625 0.1390625
0 0.26953125 0.26640625 0.11171875 0.15546875
0 0.1984375 0.26015625 0.06796875 0.1015625
0 0.13984375 0.2921875 0.05546875 0.07890625
0 0.17734375 0.1671875 0.09296875 0.0984375
0 0.16640625 0.78359375 0.12109375 0.10859375
0 0.27890625 0.8640625 0.06953125 0.18046875
0 0.34921875 0.8765625 0.07109375 0.153125
0 0.63046875 0.9390625 0.08828125 0.121875
0 0.7515625 0.88515625 0.090625 0.10703125