1 0.5796875 0.46484375 0.12421875 0.24296875
0 0.37578125 0.20703125 0.12421875 0.175
0 0.49609375 0.07421875 0.115625 0.1484375
0 0.27734375 0.121875 0.07890625 0.1375
0 0.271875 0.26953125 0.1125 0.1359375
0 0.20234375 0.27265625 0.075 0.1125
0 0.1359375 0.2875 0.065625 0.09140625
0 0.16953125 0.17578125 0.09609375 0.12890625
0 0.78046875 0.2515625 0.09765625 0.146875
0 0.77734375 0.50390625 0.12109375 0.14140625
0 0.78828125 0.67578125 0.09140625 0.12890625
0 0.75625 0.8828125 0.08984375 0.140625
0 0.6234375 0.93984375 0.084375 0.1203125
0 0.63671875 0.746875 0.11015625 0.16640625
0 0.68359375 0.73984375 0.07421875 0.18203125
0 0.35859375 0.88125 0.08125 0.134375
0 0.27265625 0.84921875 0.08203125 0.134375
0 0.17109375 0.80078125 0.11328125 0.1125