0 0.51953125 0.88046875 0.103125 0.2390625
0 0.35546875 0.875 0.08046875 0.1359375
0 0.27734375 0.8515625 0.071875 0.125
0 0.1671875 0.8078125 0.11796875 0.1265625
0 0.5921875 0.08515625 0.09296875 0.1484375
0 0.76953125 0.275 0.08125 0.11640625
0 0.67109375 0.50625 0.08515625 0.1734375
0 0.7671875 0.4953125 0.078125 0.14296875
0 0.77890625 0.690625 0.08984375 0.125
0 0.65078125 0.728125 0.10390625 0.13359375
0 0.62578125 0.9421875 0.09140625 0.115625
0 0.75390625 0.87734375 0.09296875 0.09609375
0 0.48515625 0.0703125 0.08984375 0.140625
0 0.35546875 0.2 0.08515625 0.13359375
0 0.26796875 0.26171875 0.11171875 0.115625
0 0.1625 0.165625 0.08515625 0.134375
0 0.26796875 0.11875 0.09453125 0.134375
0 0.1421875 0.290625 0.053125 0.08203125
0 0.1953125 0.28046875 0.0578125 0.128125