0 0.1171875 0.39921875 0.1 0.109375
0 0.16328125 0.20546875 0.09765625 0.11171875
0 0.2671875 0.16171875 0.07890625 0.1234375
0 0.35546875 0.13671875 0.08046875 0.14140625
0 0.62890625 0.06796875 0.059375 0.08828125
0 0.64765625 0.2390625 0.1109375 0.146875
0 0.78515625 0.30625 0.09453125 0.13046875
0 0.75234375 0.11953125 0.08671875 0.11328125
0 0.78046875 0.50703125 0.0875 0.14296875
0 0.684375 0.503125 0.1 0.16875
0 0.77109375 0.74921875 0.07109375 0.13203125
0 0.59921875 0.90390625 0.09921875 0.19140625
0 0.49296875 0.921875 0.07421875 0.15546875
0 0.40703125 0.921875 0.0828125 0.1515625
0 0.2609375 0.878125 0.10546875 0.09375
0 0.190625 0.84765625 0.06484375 0.09921875
0 0.1390625 0.7984375 0.06640625 0.08828125
0 0.28671875 0.75 0.075 0.10703125
0 0.21640625 0.75078125 0.05859375 0.115625
0 0.15078125 0.7046875 0.06640625 0.07421875