1 0.6671875 0.14453125 0.11953125 0.228125
0 0.59453125 0.08125 0.0859375 0.16171875
0 0.484375 0.08515625 0.0859375 0.165625
0 0.3609375 0.20390625 0.09375 0.14765625
0 0.26640625 0.12109375 0.10234375 0.14296875
0 0.2625 0.2796875 0.1046875 0.13515625
0 0.1890625 0.27890625 0.07109375 0.109375
0 0.1734375 0.159375 0.0796875 0.10546875
0 0.04609375 0.37109375 0.08046875 0.0578125
0 0.34453125 0.8765625 0.07265625 0.1046875
0 0.27578125 0.87890625 0.06640625 0.12109375
0 0.16484375 0.8015625 0.10234375 0.09765625
0 0.62890625 0.703125 0.14296875 0.1703125
0 0.77109375 0.6875 0.1171875 0.12890625
0 0.63046875 0.94921875 0.09453125 0.10078125
0 0.7515625 0.8890625 0.1015625 0.09765625
0 0.77421875 0.26875 0.09921875 0.1078125
0 0.6734375 0.53046875 0.11796875 0.15625
0 0.778125 0.50078125 0.1015625 0.15234375
0 0.2296875 0.65546875 0.140625 0.10859375
0 0.1546875 0.2890625 0.08046875 0.10546875