0 0.49609375 0.83515625 0.103125 0.2765625
0 0.3484375 0.85859375 0.084375 0.13359375
0 0.271875 0.8375 0.11640625 0.146875
0 0.1734375 0.7953125 0.11171875 0.140625
0 0.1484375 0.284375 0.065625 0.10703125
0 0.16953125 0.17265625 0.10546875 0.1234375
0 0.27109375 0.1125 0.096875 0.13046875
0 0.35546875 0.19453125 0.109375 0.10859375
0 0.2765625 0.25859375 0.10078125 0.1390625
0 0.1984375 0.271875 0.078125 0.11640625
0 0.47890625 0.0703125 0.084375 0.140625
0 0.5921875 0.090625 0.10078125 0.171875
0 0.76484375 0.27265625 0.08125 0.09609375
0 0.66796875 0.5046875 0.10625 0.19296875
0 0.775 0.4984375 0.12109375 0.125
0 0.76875 0.6953125 0.13515625 0.10390625
0 0.64765625 0.7328125 0.11484375 0.15390625
0 0.63359375 0.940625 0.10546875 0.11796875
0 0.74765625 0.871875 0.08359375 0.1390625