0 0.528125 0.90078125 0.10390625 0.1984375
0 0.3484375 0.86640625 0.09453125 0.13359375
0 0.27890625 0.865625 0.07578125 0.14296875
0 0.16875 0.80625 0.12265625 0.109375
0 0.67890625 0.5015625 0.07890625 0.15546875
0 0.77734375 0.503125 0.090625 0.14609375
0 0.77890625 0.2734375 0.096875 0.11953125
0 0.653125 0.7421875 0.11015625 0.15703125
0 0.77421875 0.68515625 0.09453125 0.115625
0 0.628125 0.9171875 0.06875 0.165625
0 0.75390625 0.8765625 0.08359375 0.13359375
0 0.59296875 0.09296875 0.09296875 0.15546875
0 0.47890625 0.06875 0.08671875 0.1375
0 0.3734375 0.2015625 0.10078125 0.1359375
0 0.27578125 0.259375 0.08984375 0.11953125
0 0.20546875 0.2453125 0.09921875 0.10390625
0 0.140625 0.296875 0.05234375 0.0875
0 0.16953125 0.16796875 0.09609375 0.11953125
0 0.2390625 0.71484375 0.13515625 0.12890625