0 0.5984375 0.52109375 0.140625 0.13359375
0 0.77109375 0.76640625 0.07578125 0.1359375
0 0.775 0.50390625 0.11015625 0.14140625
0 0.78828125 0.3078125 0.09609375 0.14296875
0 0.69453125 0.278125 0.08203125 0.190625
0 0.63046875 0.2609375 0.1125 0.196875
0 0.62578125 0.05859375 0.08359375 0.11640625
0 0.759375 0.10625 0.07890625 0.14296875
0 0.35078125 0.125 0.07734375 0.125
0 0.27109375 0.140625 0.08359375 0.1484375
0 0.17265625 0.1921875 0.109375 0.109375
0 0.3921875 0.809375 0.121875 0.16953125
0 0.48984375 0.92421875 0.08984375 0.14609375
0 0.2765625 0.87421875 0.09296875 0.14609375
0 0.265625 0.7125 0.1 0.15859375
0 0.14140625 0.715625 0.05390625 0.09609375
0 0.20078125 0.73515625 0.07109375 0.115625
0 0.165625 0.84453125 0.09375 0.121875