1 0.57265625 0.23828125 0.11328125 0.25703125
0 0.490625 0.07109375 0.09609375 0.1390625
0 0.3828125 0.209375 0.11953125 0.15859375
0 0.27578125 0.1171875 0.08671875 0.14296875
0 0.17578125 0.165625 0.08984375 0.134375
0 0.14296875 0.28203125 0.06171875 0.1
0 0.20234375 0.26328125 0.07109375 0.115625
0 0.27421875 0.25859375 0.10390625 0.1140625
0 0.77109375 0.27265625 0.0875 0.1234375
0 0.77265625 0.5046875 0.10625 0.1515625
0 0.7828125 0.70078125 0.115625 0.13203125
0 0.7484375 0.88984375 0.08046875 0.1265625
0 0.62890625 0.94296875 0.0875 0.1140625
0 0.62265625 0.75625 0.11953125 0.15703125
0 0.70390625 0.7375 0.08671875 0.18359375
0 0.34609375 0.86875 0.07734375 0.1484375
0 0.27265625 0.86796875 0.07890625 0.1359375
0 0.16953125 0.796875 0.11171875 0.10546875