0 0.771875 0.6796875 0.0875 0.1265625
0 0.73359375 0.846875 0.09296875 0.109375
0 0.82890625 0.81015625 0.1 0.109375
0 0.87734375 0.60703125 0.09296875 0.1390625
0 0.64921875 0.22734375 0.090625 0.14296875
0 0.5140625 0.0734375 0.07421875 0.146875
0 0.40859375 0.08828125 0.0875 0.1484375
0 0.22578125 0.27421875 0.10078125 0.1015625
0 0.3234375 0.503125 0.09296875 0.16953125
0 0.23203125 0.50390625 0.08203125 0.1890625
0 0.22109375 0.69453125 0.109375 0.125
0 0.35234375 0.734375 0.09765625 0.1765625
0 0.3796875 0.9265625 0.078125 0.1140625
0 0.24921875 0.88671875 0.11015625 0.115625
0 0.6484375 0.8671875 0.071875 0.1375
0 0.7328125 0.2546875 0.08828125 0.09296875
0 0.72734375 0.13203125 0.096875 0.128125
0 0.79453125 0.17109375 0.103125 0.1109375
0 0.84453125 0.2953125 0.0828125 0.08046875
0 0.85234375 0.171875 0.0515625 0.10390625