1 0.44921875 0.17734375 0.11328125 0.3015625
0 0.33984375 0.29296875 0.11640625 0.1640625
0 0.32265625 0.47421875 0.10703125 0.1875
0 0.21171875 0.50078125 0.12734375 0.17109375
0 0.23515625 0.73125 0.11015625 0.134375
0 0.56484375 0.88359375 0.1203125 0.2328125
0 0.6484375 0.79453125 0.09609375 0.13515625
0 0.72890625 0.884375 0.08203125 0.12890625
0 0.73359375 0.7296875 0.0953125 0.115625
0 0.80703125 0.7203125 0.078125 0.1296875
0 0.8296875 0.82578125 0.09296875 0.1125
0 0.77421875 0.34453125 0.1125 0.10625
0 0.83515625 0.19375 0.1125 0.075
0 0.7234375 0.12734375 0.06953125 0.1390625
0 0.6484375 0.13046875 0.08828125 0.12890625
0 0.2234375 0.29921875 0.08828125 0.15390625
0 0.240625 0.12109375 0.07890625 0.153125
0 0.36484375 0.0546875 0.0953125 0.10859375
0 0.9578125 0.6265625 0.0828125 0.07578125
0 0.84765625 0.715625 0.07890625 0.084375