1 0.65390625 0.87578125 0.09765625 0.22109375
0 0.49765625 0.925 0.08515625 0.15
0 0.59453125 0.91015625 0.07734375 0.140625
0 0.38046875 0.80078125 0.11484375 0.1515625
0 0.278125 0.7484375 0.09140625 0.13046875
0 0.2078125 0.7765625 0.08046875 0.121875
0 0.14765625 0.70390625 0.053125 0.0640625
0 0.165625 0.84375 0.07265625 0.09609375
0 0.18046875 0.20234375 0.12890625 0.09296875
0 0.27265625 0.13984375 0.06953125 0.1375
0 0.35859375 0.1234375 0.08515625 0.1390625
0 0.64375 0.25546875 0.125 0.1609375
0 0.7828125 0.29765625 0.12421875 0.1625
0 0.6765625 0.4875 0.115625 0.203125
0 0.77421875 0.71484375 0.10546875 0.0984375
0 0.7734375 0.50546875 0.10078125 0.16640625
0 0.75390625 0.125 0.08671875 0.13359375
0 0.63203125 0.071875 0.08671875 0.14296875