0 0.4390625 0.1515625 0.10546875 0.26953125
0 0.3484375 0.28125 0.090625 0.1765625
0 0.20546875 0.3453125 0.078125 0.0984375
0 0.21640625 0.496875 0.10546875 0.134375
0 0.61953125 0.9 0.09140625 0.2
0 0.5109375 0.9328125 0.08671875 0.134375
0 0.6390625 0.80546875 0.06953125 0.121875
0 0.69765625 0.86015625 0.08828125 0.115625
0 0.74453125 0.88828125 0.04921875 0.10703125
0 0.8265625 0.83671875 0.08828125 0.09296875
0 0.81640625 0.728125 0.08984375 0.08359375
0 0.73203125 0.73515625 0.084375 0.1125
0 0.8234375 0.2078125 0.115625 0.10390625
0 0.72109375 0.14296875 0.06171875 0.14453125
0 0.64765625 0.12109375 0.065625 0.15
0 0.2609375 0.29609375 0.10703125 0.178125
0 0.37421875 0.05078125 0.06640625 0.1015625
0 0.24609375 0.1265625 0.08046875 0.1140625
0 0.8609375 0.7265625 0.065625 0.1