0 0.32890625 0.484375 0.1125 0.225
0 0.21640625 0.278125 0.11640625 0.12890625
0 0.21875 0.4953125 0.09609375 0.1734375
0 0.22734375 0.703125 0.1125 0.10859375
0 0.34453125 0.7484375 0.09140625 0.14140625
0 0.3796875 0.93046875 0.09296875 0.13046875
0 0.24609375 0.8875 0.09375 0.10546875
0 0.63984375 0.86015625 0.09921875 0.14296875
0 0.73515625 0.84765625 0.08046875 0.15390625
0 0.83359375 0.796875 0.109375 0.121875
0 0.646875 0.2265625 0.09609375 0.11953125
1 0.46640625 0.1109375 0.05859375 0.221875
0 0.403125 0.09296875 0.07109375 0.1859375
0 0.7421875 0.13046875 0.10546875 0.128125
0 0.82578125 0.16328125 0.09453125 0.09296875
0 0.73046875 0.25546875 0.08125 0.1
0 0.79921875 0.253125 0.08203125 0.096875
0 0.85234375 0.29609375 0.071875 0.053125
0 0.5109375 0.0484375 0.059375 0.096875