0 0.11953125 0.5953125 0.09296875 0.1125
0 0.165625 0.7859375 0.1125 0.11953125
0 0.26796875 0.8359375 0.078125 0.1109375
0 0.36015625 0.87578125 0.096875 0.1234375
0 0.63984375 0.75234375 0.09921875 0.16796875
0 0.77578125 0.690625 0.0875 0.1390625
0 0.74765625 0.878125 0.09609375 0.11640625
0 0.63203125 0.9203125 0.06875 0.115625
0 0.67421875 0.509375 0.084375 0.16796875
0 0.7765625 0.503125 0.08828125 0.159375
0 0.77421875 0.265625 0.084375 0.128125
0 0.59609375 0.0953125 0.07265625 0.1765625
0 0.490625 0.065625 0.06640625 0.13046875
0 0.34609375 0.21171875 0.0765625 0.11640625
0 0.26640625 0.2609375 0.0953125 0.1078125
0 0.1546875 0.29296875 0.0703125 0.075
0 0.1640625 0.17578125 0.08125 0.1015625
0 0.2609375 0.134375 0.0984375 0.13203125
0 0.22890625 0.690625 0.11953125 0.1171875