0 0.13203125 0.5875 0.115625 0.1109375
0 0.22421875 0.684375 0.078125 0.134375
0 0.16796875 0.790625 0.128125 0.09453125
0 0.265625 0.84921875 0.05625 0.12109375
0 0.3609375 0.871875 0.09453125 0.15703125
0 0.65078125 0.746875 0.10390625 0.16953125
0 0.78828125 0.70234375 0.08203125 0.12890625
0 0.66953125 0.50859375 0.084375 0.15546875
0 0.76796875 0.51015625 0.07109375 0.15390625
0 0.7703125 0.26484375 0.07578125 0.1015625
0 0.603125 0.1 0.08984375 0.171875
0 0.48515625 0.08046875 0.06171875 0.1609375
0 0.2703125 0.12265625 0.090625 0.134375
0 0.3578125 0.22109375 0.09921875 0.14140625
0 0.26953125 0.25390625 0.10078125 0.128125
0 0.19921875 0.26328125 0.07890625 0.1125
0 0.14765625 0.29453125 0.05390625 0.08359375
0 0.1671875 0.16875 0.09921875 0.11796875
0 0.61796875 0.9296875 0.084375 0.12890625
0 0.75703125 0.88203125 0.09140625 0.1