1 0.52890625 0.88125 0.12265625 0.2375
0 0.653125 0.78203125 0.08984375 0.121875
0 0.721875 0.878125 0.09375 0.1375
0 0.8265625 0.828125 0.09296875 0.10546875
0 0.81328125 0.725 0.10859375 0.121875
0 0.73046875 0.721875 0.09921875 0.13046875
0 0.83046875 0.203125 0.10546875 0.1
0 0.72890625 0.13671875 0.06875 0.15703125
0 0.6515625 0.13046875 0.071875 0.14453125
0 0.36015625 0.2875 0.09609375 0.21953125
0 0.21484375 0.303125 0.10703125 0.14453125
0 0.21484375 0.46953125 0.13046875 0.14453125
0 0.23046875 0.71796875 0.1 0.096875
0 0.24765625 0.115625 0.06953125 0.10390625
0 0.36796875 0.05546875 0.10234375 0.1109375
0 0.30703125 0.28515625 0.065625 0.18203125
0 0.86015625 0.7109375 0.06796875 0.08046875