1 0.55078125 0.82265625 0.11328125 0.3015625
0 0.66015625 0.70703125 0.11640625 0.1640625
0 0.67734375 0.52578125 0.10703125 0.1875
0 0.78828125 0.49921875 0.12734375 0.17109375
0 0.76484375 0.26875 0.11015625 0.134375
0 0.43515625 0.11640625 0.1203125 0.2328125
0 0.3515625 0.20546875 0.09609375 0.13515625
0 0.27109375 0.115625 0.08203125 0.12890625
0 0.26640625 0.2703125 0.0953125 0.115625
0 0.19296875 0.2796875 0.078125 0.1296875
0 0.1703125 0.17421875 0.09296875 0.1125
0 0.22578125 0.65546875 0.1125 0.10625
0 0.16484375 0.80625 0.1125 0.075
0 0.2765625 0.87265625 0.06953125 0.1390625
0 0.3515625 0.86953125 0.08828125 0.12890625
0 0.7765625 0.70078125 0.08828125 0.15390625
0 0.759375 0.87890625 0.07890625 0.153125
0 0.63515625 0.9453125 0.0953125 0.10859375
0 0.0421875 0.3734375 0.0828125 0.07578125
0 0.15234375 0.284375 0.07890625 0.084375