0 0.51171875 0.178125 0.11171875 0.2859375
0 0.35234375 0.1484375 0.096875 0.146875
0 0.27578125 0.140625 0.08125 0.1515625
0 0.17421875 0.1859375 0.11640625 0.10546875
0 0.2375 0.3 0.14609375 0.11953125
0 0.375 0.8078125 0.103125 0.140625
0 0.58671875 0.9203125 0.06640625 0.14453125
0 0.48203125 0.9265625 0.08203125 0.146875
0 0.165625 0.840625 0.0828125 0.0953125
0 0.14140625 0.71015625 0.0828125 0.075
0 0.19609375 0.73828125 0.06875 0.08984375
0 0.265625 0.74609375 0.0953125 0.13984375
0 0.7734375 0.72890625 0.09921875 0.1078125
0 0.671875 0.4828125 0.08828125 0.14453125
0 0.7734375 0.47734375 0.078125 0.153125
0 0.653125 0.2609375 0.1109375 0.14921875
0 0.7859375 0.3015625 0.09453125 0.1078125
0 0.75078125 0.12265625 0.08125 0.10703125
0 0.62890625 0.07109375 0.08125 0.11796875