0 0.42265625 0.58984375 0.121875 0.184375
0 0.22890625 0.74453125 0.10390625 0.13359375
0 0.22421875 0.4890625 0.11640625 0.14453125
0 0.278125 0.34375 0.10703125 0.146875
0 0.34140625 0.25234375 0.0953125 0.1390625
0 0.20625 0.31953125 0.0703125 0.1640625
0 0.24609375 0.1234375 0.08125 0.10625
0 0.3734375 0.0609375 0.08515625 0.11953125
0 0.64921875 0.12734375 0.075 0.15078125
0 0.72265625 0.1421875 0.07265625 0.13984375
0 0.8296875 0.2 0.1234375 0.09375
0 0.61875 0.80859375 0.11015625 0.1625
0 0.72421875 0.86640625 0.09375 0.1609375
0 0.803125 0.81796875 0.10078125 0.12109375
0 0.8578125 0.83984375 0.040625 0.08515625
0 0.85703125 0.7140625 0.06328125 0.06875
0 0.8046875 0.734375 0.05625 0.10234375
0 0.73671875 0.72734375 0.08828125 0.1375
0 0.50390625 0.91796875 0.1 0.1640625