0 0.49765625 0.1796875 0.12421875 0.284375
0 0.64921875 0.13515625 0.08671875 0.13203125
0 0.7296875 0.153125 0.07421875 0.115625
0 0.83203125 0.21015625 0.109375 0.1015625
0 0.73203125 0.740625 0.09609375 0.10703125
0 0.6453125 0.796875 0.10546875 0.115625
0 0.72578125 0.8890625 0.09375 0.1359375
0 0.8296875 0.84296875 0.08671875 0.08359375
0 0.85234375 0.7046875 0.08359375 0.07890625
0 0.80546875 0.7390625 0.07578125 0.10859375
0 0.52109375 0.921875 0.07734375 0.15546875
0 0.41328125 0.9109375 0.09140625 0.175
0 0.23046875 0.7484375 0.07734375 0.14453125
0 0.3328125 0.490625 0.08828125 0.1625
0 0.22578125 0.49921875 0.10078125 0.184375
0 0.35 0.259375 0.11484375 0.16640625
0 0.225 0.315625 0.09140625 0.10546875
0 0.25234375 0.1171875 0.06484375 0.1125
0 0.37265625 0.0640625 0.09921875 0.128125