1 0.47109375 0.11875 0.12265625 0.2375
0 0.346875 0.21796875 0.08984375 0.121875
0 0.278125 0.121875 0.09375 0.1375
0 0.1734375 0.171875 0.09296875 0.10546875
0 0.18671875 0.275 0.10859375 0.121875
0 0.26953125 0.278125 0.09921875 0.13046875
0 0.16953125 0.796875 0.10546875 0.1
0 0.27109375 0.86328125 0.06875 0.15703125
0 0.3484375 0.86953125 0.071875 0.14453125
0 0.63984375 0.7125 0.09609375 0.21953125
0 0.78515625 0.696875 0.10703125 0.14453125
0 0.78515625 0.53046875 0.13046875 0.14453125
0 0.76953125 0.28203125 0.1 0.096875
0 0.75234375 0.884375 0.06953125 0.10390625
0 0.63203125 0.94453125 0.10234375 0.1109375
0 0.69296875 0.71484375 0.065625 0.18203125
0 0.13984375 0.2890625 0.06796875 0.08046875