0 0.55859375 0.16875 0.096875 0.27109375
0 0.4828125 0.071875 0.08125 0.14375
0 0.37578125 0.19375 0.10703125 0.1734375
0 0.27109375 0.121875 0.10078125 0.1375
0 0.1796875 0.1625 0.090625 0.10546875
0 0.13671875 0.29140625 0.040625 0.1
0 0.27109375 0.24921875 0.08046875 0.140625
0 0.1953125 0.2765625 0.07421875 0.1140625
0 0.76953125 0.69453125 0.10859375 0.15546875
0 0.60625 0.75 0.13359375 0.1609375
0 0.70546875 0.7453125 0.0625 0.2015625
0 0.75078125 0.89453125 0.08046875 0.13359375
0 0.61953125 0.940625 0.08125 0.11796875
0 0.1640625 0.796875 0.09296875 0.14140625
0 0.27578125 0.86640625 0.0625 0.1609375
0 0.34296875 0.871875 0.07265625 0.1734375
0 0.76875 0.2625 0.09765625 0.1609375
0 0.77421875 0.49296875 0.10078125 0.13359375