0 0.51171875 0.8109375 0.09140625 0.275
0 0.35078125 0.865625 0.08671875 0.128125
0 0.2828125 0.871875 0.06171875 0.12890625
0 0.2296875 0.68125 0.10546875 0.13203125
0 0.17109375 0.79453125 0.11953125 0.0890625
0 0.13125 0.303125 0.05390625 0.0890625
0 0.184375 0.25390625 0.08515625 0.128125
0 0.35859375 0.2203125 0.0875 0.159375
0 0.2703125 0.26640625 0.090625 0.1390625
0 0.17109375 0.16796875 0.0875 0.10859375
0 0.26640625 0.1171875 0.09140625 0.1265625
0 0.475 0.07265625 0.084375 0.1453125
0 0.5875 0.08359375 0.10859375 0.146875
0 0.7734375 0.271875 0.09453125 0.10703125
0 0.66796875 0.503125 0.10390625 0.165625
0 0.76953125 0.51171875 0.09140625 0.1734375
0 0.65703125 0.72421875 0.121875 0.15703125
0 0.77734375 0.69375 0.090625 0.1234375
0 0.63046875 0.925 0.0875 0.1140625
0 0.759375 0.88125 0.09765625 0.09296875