1 0.46328125 0.8015625 0.11328125 0.278125
0 0.34140625 0.6046875 0.175 0.159375
0 0.22578125 0.509375 0.10390625 0.13359375
0 0.228125 0.2671875 0.09765625 0.0984375
0 0.51640625 0.07265625 0.0859375 0.1453125
0 0.65 0.2078125 0.07734375 0.12890625
0 0.72890625 0.1140625 0.10078125 0.15
0 0.7390625 0.2625 0.10078125 0.128125
0 0.81953125 0.28515625 0.08984375 0.10390625
0 0.87109375 0.19140625 0.12265625 0.1109375
0 0.9515625 0.25546875 0.03671875 0.06015625
0 0.94921875 0.36640625 0.075 0.05625
0 0.8328125 0.8 0.1125 0.07890625
0 0.72890625 0.8640625 0.06796875 0.13828125
0 0.65390625 0.86171875 0.06875 0.13125
0 0.36953125 0.95078125 0.08515625 0.0984375
0 0.25234375 0.87578125 0.0796875 0.11171875
0 0.22890625 0.6984375 0.103125 0.11171875
0 0.33984375 0.74609375 0.1171875 0.11640625
0 0.38046875 0.37421875 0.11953125 0.00234375
0 0.85234375 0.290625 0.065625 0.07890625