0 0.8828125 0.59921875 0.08046875 0.1265625
0 0.83203125 0.79921875 0.09140625 0.11796875
0 0.73515625 0.85078125 0.06875 0.1234375
0 0.63828125 0.8921875 0.09765625 0.140625
0 0.34375 0.7578125 0.09765625 0.15390625
0 0.21640625 0.69375 0.06875 0.1015625
0 0.24609375 0.88359375 0.06796875 0.09140625
0 0.371875 0.921875 0.07734375 0.1265625
0 0.32265625 0.496875 0.08984375 0.18046875
0 0.2265625 0.49140625 0.07421875 0.14453125
0 0.23515625 0.2296875 0.06953125 0.14609375
0 0.4046875 0.0890625 0.071875 0.1640625
0 0.5125 0.07265625 0.075 0.1453125
0 0.5984375 0.090625 0.08203125 0.1125
0 0.69140625 0.13515625 0.0875 0.1375
0 0.734375 0.2515625 0.09609375 0.10546875
0 0.80234375 0.2453125 0.07578125 0.1015625
0 0.85546875 0.28203125 0.06171875 0.06953125
0 0.74921875 0.125 0.08046875 0.1359375
0 0.82578125 0.159375 0.08359375 0.10859375