0 0.50234375 0.8203125 0.12421875 0.284375
0 0.35078125 0.86484375 0.08671875 0.13203125
0 0.2703125 0.846875 0.07421875 0.115625
0 0.16796875 0.78984375 0.109375 0.1015625
0 0.26796875 0.259375 0.09609375 0.10703125
0 0.3546875 0.203125 0.10546875 0.115625
0 0.27421875 0.1109375 0.09375 0.1359375
0 0.1703125 0.15703125 0.08671875 0.08359375
0 0.14765625 0.2953125 0.08359375 0.07890625
0 0.19453125 0.2609375 0.07578125 0.10859375
0 0.47890625 0.078125 0.07734375 0.15546875
0 0.58671875 0.0890625 0.09140625 0.175
0 0.76953125 0.2515625 0.07734375 0.14453125
0 0.6671875 0.509375 0.08828125 0.1625
0 0.77421875 0.50078125 0.10078125 0.184375
0 0.65 0.740625 0.11484375 0.16640625
0 0.775 0.684375 0.09140625 0.10546875
0 0.74765625 0.8828125 0.06484375 0.1125
0 0.62734375 0.9359375 0.09921875 0.128125