0 0.57734375 0.41015625 0.121875 0.184375
0 0.77109375 0.25546875 0.10390625 0.13359375
0 0.77578125 0.5109375 0.11640625 0.14453125
0 0.721875 0.65625 0.10703125 0.146875
0 0.65859375 0.74765625 0.0953125 0.1390625
0 0.79375 0.68046875 0.0703125 0.1640625
0 0.75390625 0.8765625 0.08125 0.10625
0 0.6265625 0.9390625 0.08515625 0.11953125
0 0.35078125 0.87265625 0.075 0.15078125
0 0.27734375 0.8578125 0.07265625 0.13984375
0 0.1703125 0.8 0.1234375 0.09375
0 0.38125 0.19140625 0.11015625 0.1625
0 0.27578125 0.13359375 0.09375 0.1609375
0 0.196875 0.18203125 0.10078125 0.12109375
0 0.1421875 0.16015625 0.040625 0.08515625
0 0.14296875 0.2859375 0.06328125 0.06875
0 0.1953125 0.265625 0.05625 0.10234375
0 0.26328125 0.27265625 0.08828125 0.1375
0 0.49609375 0.08203125 0.1 0.1640625