0 0.11796875 0.58984375 0.08828125 0.12890625
0 0.16015625 0.79453125 0.14140625 0.1109375
0 0.27421875 0.83984375 0.06796875 0.12109375
0 0.35546875 0.8890625 0.090625 0.128125
0 0.6390625 0.7453125 0.10546875 0.1734375
0 0.77578125 0.703125 0.10390625 0.128125
0 0.7765625 0.503125 0.09296875 0.1375
0 0.6828125 0.509375 0.09921875 0.16953125
0 0.77109375 0.2828125 0.10078125 0.08203125
0 0.59453125 0.0890625 0.08984375 0.14453125
0 0.48671875 0.078125 0.08125 0.15546875
0 0.271875 0.12265625 0.08515625 0.140625
0 0.17890625 0.1625 0.090625 0.096875
0 0.14609375 0.29609375 0.06484375 0.075
0 0.19765625 0.26328125 0.06484375 0.08203125
0 0.2640625 0.246875 0.08046875 0.10390625
0 0.35234375 0.221875 0.08828125 0.115625
0 0.634375 0.92109375 0.0875 0.10546875
0 0.75546875 0.87265625 0.09140625 0.1125