0 0.44140625 0.83125 0.096875 0.27109375
0 0.5171875 0.928125 0.08125 0.14375
0 0.62421875 0.80625 0.10703125 0.1734375
0 0.72890625 0.878125 0.10078125 0.1375
0 0.8203125 0.8375 0.090625 0.10546875
0 0.86328125 0.70859375 0.040625 0.1
0 0.72890625 0.75078125 0.08046875 0.140625
0 0.8046875 0.7234375 0.07421875 0.1140625
0 0.23046875 0.30546875 0.10859375 0.15546875
0 0.39375 0.25 0.13359375 0.1609375
0 0.29453125 0.2546875 0.0625 0.2015625
0 0.24921875 0.10546875 0.08046875 0.13359375
0 0.38046875 0.059375 0.08125 0.11796875
0 0.8359375 0.203125 0.09296875 0.14140625
0 0.72421875 0.13359375 0.0625 0.1609375
0 0.65703125 0.128125 0.07265625 0.1734375
0 0.23125 0.7375 0.09765625 0.1609375
0 0.22578125 0.50703125 0.10078125 0.13359375