0 0.55703125 0.665625 0.10859375 0.24609375
0 0.76484375 0.5 0.10703125 0.146875
0 0.765625 0.26015625 0.10234375 0.14609375
0 0.4765625 0.08046875 0.08671875 0.1609375
0 0.265625 0.11484375 0.08984375 0.14296875
0 0.35546875 0.215625 0.08515625 0.1484375
0 0.26875 0.26328125 0.10390625 0.10703125
0 0.18984375 0.284375 0.08125 0.10703125
0 0.1734375 0.16796875 0.08828125 0.125
0 0.16484375 0.79765625 0.11171875 0.1125
0 0.2734375 0.87109375 0.065625 0.1640625
0 0.346875 0.871875 0.07890625 0.15390625
0 0.22265625 0.63671875 0.09453125 0.115625
0 0.62734375 0.9453125 0.08828125 0.109375
0 0.740625 0.87890625 0.10234375 0.103125
0 0.775 0.69765625 0.10390625 0.14296875
0 0.6453125 0.7390625 0.07890625 0.1921875
0 0.69296875 0.72421875 0.0609375 0.1640625
0 0.1484375 0.284375 0.053125 0.0859375