1 0.53671875 0.8015625 0.11328125 0.278125
0 0.65859375 0.6046875 0.175 0.159375
0 0.77421875 0.509375 0.10390625 0.13359375
0 0.771875 0.2671875 0.09765625 0.0984375
0 0.48359375 0.07265625 0.0859375 0.1453125
0 0.35 0.2078125 0.07734375 0.12890625
0 0.27109375 0.1140625 0.10078125 0.15
0 0.2609375 0.2625 0.10078125 0.128125
0 0.18046875 0.28515625 0.08984375 0.10390625
0 0.12890625 0.19140625 0.12265625 0.1109375
0 0.0484375 0.25546875 0.03671875 0.06015625
0 0.05078125 0.36640625 0.075 0.05625
0 0.1671875 0.8 0.1125 0.07890625
0 0.27109375 0.8640625 0.06796875 0.13828125
0 0.34609375 0.86171875 0.06875 0.13125
0 0.63046875 0.95078125 0.08515625 0.0984375
0 0.74765625 0.87578125 0.0796875 0.11171875
0 0.77109375 0.6984375 0.103125 0.11171875
0 0.66015625 0.74609375 0.1171875 0.11640625
0 0.61953125 0.37421875 0.11953125 0.00234375
0 0.14765625 0.290625 0.065625 0.07890625