0 0.51171875 0.1890625 0.09140625 0.275
0 0.35078125 0.134375 0.08671875 0.128125
0 0.2828125 0.128125 0.06171875 0.12890625
0 0.2296875 0.31875 0.10546875 0.13203125
0 0.17109375 0.20546875 0.11953125 0.0890625
0 0.13125 0.696875 0.05390625 0.0890625
0 0.184375 0.74609375 0.08515625 0.128125
0 0.35859375 0.7796875 0.0875 0.159375
0 0.2703125 0.73359375 0.090625 0.1390625
0 0.17109375 0.83203125 0.0875 0.10859375
0 0.26640625 0.8828125 0.09140625 0.1265625
0 0.475 0.92734375 0.084375 0.1453125
0 0.5875 0.91640625 0.10859375 0.146875
0 0.7734375 0.728125 0.09453125 0.10703125
0 0.66796875 0.496875 0.10390625 0.165625
0 0.76953125 0.48828125 0.09140625 0.1734375
0 0.65703125 0.27578125 0.121875 0.15703125
0 0.77734375 0.30625 0.090625 0.1234375
0 0.63046875 0.075 0.0875 0.1140625
0 0.759375 0.11875 0.09765625 0.09296875