0 0.49609375 0.16484375 0.103125 0.2765625
0 0.3484375 0.14140625 0.084375 0.13359375
0 0.271875 0.1625 0.11640625 0.146875
0 0.1734375 0.2046875 0.11171875 0.140625
0 0.1484375 0.715625 0.065625 0.10703125
0 0.16953125 0.82734375 0.10546875 0.1234375
0 0.27109375 0.8875 0.096875 0.13046875
0 0.35546875 0.80546875 0.109375 0.10859375
0 0.2765625 0.74140625 0.10078125 0.1390625
0 0.1984375 0.728125 0.078125 0.11640625
0 0.47890625 0.9296875 0.084375 0.140625
0 0.5921875 0.909375 0.10078125 0.171875
0 0.76484375 0.72734375 0.08125 0.09609375
0 0.66796875 0.4953125 0.10625 0.19296875
0 0.775 0.5015625 0.12109375 0.125
0 0.76875 0.3046875 0.13515625 0.10390625
0 0.64765625 0.2671875 0.11484375 0.15390625
0 0.63359375 0.059375 0.10546875 0.11796875
0 0.74765625 0.128125 0.08359375 0.1390625