0 0.67109375 0.484375 0.1125 0.225
0 0.78359375 0.278125 0.11640625 0.12890625
0 0.78125 0.4953125 0.09609375 0.1734375
0 0.77265625 0.703125 0.1125 0.10859375
0 0.65546875 0.7484375 0.09140625 0.14140625
0 0.6203125 0.93046875 0.09296875 0.13046875
0 0.75390625 0.8875 0.09375 0.10546875
0 0.36015625 0.86015625 0.09921875 0.14296875
0 0.26484375 0.84765625 0.08046875 0.15390625
0 0.16640625 0.796875 0.109375 0.121875
0 0.353125 0.2265625 0.09609375 0.11953125
1 0.53359375 0.1109375 0.05859375 0.221875
0 0.596875 0.09296875 0.07109375 0.1859375
0 0.2578125 0.13046875 0.10546875 0.128125
0 0.17421875 0.16328125 0.09453125 0.09296875
0 0.26953125 0.25546875 0.08125 0.1
0 0.20078125 0.253125 0.08203125 0.096875
0 0.14765625 0.29609375 0.071875 0.053125
0 0.4890625 0.0484375 0.059375 0.096875