1 0.65390625 0.12421875 0.09765625 0.22109375
0 0.49765625 0.075 0.08515625 0.15
0 0.59453125 0.08984375 0.07734375 0.140625
0 0.38046875 0.19921875 0.11484375 0.1515625
0 0.278125 0.2515625 0.09140625 0.13046875
0 0.2078125 0.2234375 0.08046875 0.121875
0 0.14765625 0.29609375 0.053125 0.0640625
0 0.165625 0.15625 0.07265625 0.09609375
0 0.18046875 0.79765625 0.12890625 0.09296875
0 0.27265625 0.86015625 0.06953125 0.1375
0 0.35859375 0.8765625 0.08515625 0.1390625
0 0.64375 0.74453125 0.125 0.1609375
0 0.7828125 0.70234375 0.12421875 0.1625
0 0.6765625 0.5125 0.115625 0.203125
0 0.77421875 0.28515625 0.10546875 0.0984375
0 0.7734375 0.49453125 0.10078125 0.16640625
0 0.75390625 0.875 0.08671875 0.13359375
0 0.63203125 0.928125 0.08671875 0.14296875