0 0.42890625 0.3671875 0.11171875 0.24609375
0 0.22421875 0.259375 0.09140625 0.14375
0 0.41328125 0.1 0.0796875 0.16796875
0 0.515625 0.07265625 0.06875 0.1453125
0 0.6125 0.19609375 0.1328125 0.196875
0 0.728125 0.259375 0.08984375 0.1296875
0 0.79921875 0.2671875 0.08203125 0.10546875
0 0.8296875 0.1578125 0.09921875 0.11484375
0 0.85546875 0.29921875 0.0671875 0.08828125
0 0.7734375 0.66875 0.11171875 0.1453125
0 0.8359375 0.79140625 0.13203125 0.08984375
0 0.7296875 0.85625 0.0671875 0.1265625
0 0.6515625 0.86796875 0.08984375 0.1296875
0 0.35390625 0.73515625 0.121875 0.153125
0 0.21640625 0.6953125 0.10234375 0.1296875
0 0.2484375 0.87265625 0.0765625 0.11640625
0 0.36796875 0.92734375 0.0796875 0.1203125
0 0.32578125 0.50390625 0.08046875 0.18359375
0 0.94453125 0.30078125 0.08203125 0.090625