0 0.51171875 0.821875 0.11171875 0.2859375
0 0.35234375 0.8515625 0.096875 0.146875
0 0.27578125 0.859375 0.08125 0.1515625
0 0.17421875 0.8140625 0.11640625 0.10546875
0 0.2375 0.7 0.14609375 0.11953125
0 0.375 0.1921875 0.103125 0.140625
0 0.58671875 0.0796875 0.06640625 0.14453125
0 0.48203125 0.0734375 0.08203125 0.146875
0 0.165625 0.159375 0.0828125 0.0953125
0 0.14140625 0.28984375 0.0828125 0.075
0 0.19609375 0.26171875 0.06875 0.08984375
0 0.265625 0.25390625 0.0953125 0.13984375
0 0.7734375 0.27109375 0.09921875 0.1078125
0 0.671875 0.5171875 0.08828125 0.14453125
0 0.7734375 0.52265625 0.078125 0.153125
0 0.653125 0.7390625 0.1109375 0.14921875
0 0.7859375 0.6984375 0.09453125 0.1078125
0 0.75078125 0.87734375 0.08125 0.10703125
0 0.62890625 0.92890625 0.08125 0.11796875