1 0.42734375 0.76171875 0.11328125 0.25703125
0 0.509375 0.92890625 0.09609375 0.1390625
0 0.6171875 0.790625 0.11953125 0.15859375
0 0.72421875 0.8828125 0.08671875 0.14296875
0 0.82421875 0.834375 0.08984375 0.134375
0 0.85703125 0.71796875 0.06171875 0.1
0 0.79765625 0.73671875 0.07109375 0.115625
0 0.72578125 0.74140625 0.10390625 0.1140625
0 0.22890625 0.72734375 0.0875 0.1234375
0 0.22734375 0.4953125 0.10625 0.1515625
0 0.2171875 0.29921875 0.115625 0.13203125
0 0.2515625 0.11015625 0.08046875 0.1265625
0 0.37109375 0.05703125 0.0875 0.1140625
0 0.37734375 0.24375 0.11953125 0.15703125
0 0.29609375 0.2625 0.08671875 0.18359375
0 0.65390625 0.13125 0.07734375 0.1484375
0 0.72734375 0.13203125 0.07890625 0.1359375
0 0.83046875 0.203125 0.11171875 0.10546875