0 0.44296875 0.334375 0.10859375 0.24609375
0 0.23515625 0.5 0.10703125 0.146875
0 0.234375 0.73984375 0.10234375 0.14609375
0 0.5234375 0.91953125 0.08671875 0.1609375
0 0.734375 0.88515625 0.08984375 0.14296875
0 0.64453125 0.784375 0.08515625 0.1484375
0 0.73125 0.73671875 0.10390625 0.10703125
0 0.81015625 0.715625 0.08125 0.10703125
0 0.8265625 0.83203125 0.08828125 0.125
0 0.83515625 0.20234375 0.11171875 0.1125
0 0.7265625 0.12890625 0.065625 0.1640625
0 0.653125 0.128125 0.07890625 0.15390625
0 0.77734375 0.36328125 0.09453125 0.115625
0 0.37265625 0.0546875 0.08828125 0.109375
0 0.259375 0.12109375 0.10234375 0.103125
0 0.225 0.30234375 0.10390625 0.14296875
0 0.3546875 0.2609375 0.07890625 0.1921875
0 0.30703125 0.27578125 0.0609375 0.1640625
0 0.8515625 0.715625 0.053125 0.0859375