0 0.496875 0.83671875 0.10859375 0.265625
0 0.34765625 0.871875 0.07265625 0.15546875
0 0.271875 0.83984375 0.09375 0.1234375
0 0.1625 0.79609375 0.07265625 0.103125
0 0.34609375 0.20234375 0.08359375 0.1234375
0 0.48203125 0.0890625 0.08515625 0.16640625
0 0.58984375 0.0828125 0.075 0.165625
0 0.76015625 0.26328125 0.09296875 0.10703125
0 0.671875 0.503125 0.10234375 0.1609375
0 0.76953125 0.4921875 0.10859375 0.140625
0 0.77109375 0.6890625 0.1125 0.1359375
0 0.64296875 0.73046875 0.128125 0.14140625
0 0.62578125 0.93828125 0.10078125 0.1234375
0 0.75625 0.87890625 0.0875 0.1109375
0 0.26796875 0.26328125 0.11875 0.11796875
0 0.13046875 0.278125 0.05 0.1015625
0 0.196875 0.27109375 0.06875 0.13359375
0 0.16640625 0.171875 0.09609375 0.13046875
0 0.265625 0.1203125 0.09765625 0.14609375