0 0.596875 0.59765625 0.13125 0.20703125
0 0.7796875 0.73828125 0.10546875 0.134375
0 0.67890625 0.509375 0.09453125 0.15390625
0 0.76484375 0.50234375 0.11875 0.10390625
0 0.64296875 0.28046875 0.1125 0.1609375
0 0.775 0.30859375 0.09375 0.15546875
0 0.75234375 0.1234375 0.08046875 0.1109375
0 0.6390625 0.05703125 0.10703125 0.1140625
0 0.34765625 0.134375 0.084375 0.134375
0 0.28203125 0.13515625 0.09140625 0.13203125
0 0.17890625 0.184375 0.13359375 0.1140625
0 0.3484375 0.8015625 0.08671875 0.1390625
0 0.2625 0.74453125 0.1 0.10546875
0 0.20078125 0.721875 0.08046875 0.1140625
0 0.13984375 0.70625 0.05546875 0.10390625
0 0.16640625 0.82421875 0.08515625 0.109375
0 0.27265625 0.884375 0.09140625 0.1609375
0 0.47890625 0.928125 0.0875 0.14296875
0 0.5859375 0.9109375 0.090625 0.171875