1 0.43046875 0.86953125 0.09140625 0.25859375
0 0.30078125 0.840625 0.11640625 0.2234375
0 0.50859375 0.91953125 0.07421875 0.1609375
0 0.73828125 0.88046875 0.06171875 0.16953125
0 0.62265625 0.80390625 0.109375 0.153125
0 0.67890625 0.890625 0.08046875 0.1484375
0 0.73046875 0.728125 0.096875 0.14453125
0 0.79921875 0.728125 0.06796875 0.125
0 0.85625 0.71484375 0.0625 0.10390625
0 0.82265625 0.83203125 0.09375 0.1140625
0 0.76953125 0.3796875 0.1375 0.10703125
0 0.834375 0.2078125 0.13359375 0.10703125
0 0.72890625 0.14609375 0.07421875 0.16953125
0 0.65078125 0.13125 0.07265625 0.15390625
0 0.3546875 0.26796875 0.10703125 0.175
0 0.20390625 0.34296875 0.07421875 0.125
0 0.2515625 0.29140625 0.10546875 0.15546875
0 0.3765625 0.06640625 0.0875 0.1328125
0 0.25 0.11796875 0.08359375 0.1109375
0 0.23125 0.49765625 0.13515625 0.1265625