0 0.11328125 0.66953125 0.12109375 0.09140625
0 0.15859375 0.79921875 0.090625 0.0875
0 0.2625 0.85078125 0.07890625 0.1375
0 0.34921875 0.859375 0.07890625 0.15859375
0 0.23046875 0.70625 0.11875 0.1515625
0 0.64296875 0.7265625 0.10390625 0.20546875
0 0.6203125 0.91171875 0.078125 0.1125
0 0.753125 0.89140625 0.10390625 0.13046875
0 0.77734375 0.70859375 0.1 0.11640625
0 0.665625 0.503125 0.10234375 0.19609375
0 0.78515625 0.51484375 0.128125 0.17890625
0 0.76953125 0.26796875 0.11484375 0.128125
0 0.36328125 0.22578125 0.08046875 0.14609375
0 0.48359375 0.06875 0.07890625 0.1375
0 0.59140625 0.096875 0.09140625 0.16953125
0 0.2734375 0.109375 0.10078125 0.109375
0 0.27265625 0.246875 0.08046875 0.1265625
0 0.20234375 0.2546875 0.07109375 0.1125
0 0.13984375 0.2953125 0.06875 0.10703125
0 0.1671875 0.16328125 0.096875 0.10703125