0 0.57109375 0.3671875 0.11171875 0.24609375
0 0.77578125 0.259375 0.09140625 0.14375
0 0.58671875 0.1 0.0796875 0.16796875
0 0.484375 0.07265625 0.06875 0.1453125
0 0.3875 0.19609375 0.1328125 0.196875
0 0.271875 0.259375 0.08984375 0.1296875
0 0.20078125 0.2671875 0.08203125 0.10546875
0 0.1703125 0.1578125 0.09921875 0.11484375
0 0.14453125 0.29921875 0.0671875 0.08828125
0 0.2265625 0.66875 0.11171875 0.1453125
0 0.1640625 0.79140625 0.13203125 0.08984375
0 0.2703125 0.85625 0.0671875 0.1265625
0 0.3484375 0.86796875 0.08984375 0.1296875
0 0.64609375 0.73515625 0.121875 0.153125
0 0.78359375 0.6953125 0.10234375 0.1296875
0 0.7515625 0.87265625 0.0765625 0.11640625
0 0.63203125 0.92734375 0.0796875 0.1203125
0 0.67421875 0.50390625 0.08046875 0.18359375
0 0.05546875 0.30078125 0.08203125 0.090625