0 0.88203125 0.41015625 0.08828125 0.12890625
0 0.83984375 0.20546875 0.14140625 0.1109375
0 0.72578125 0.16015625 0.06796875 0.12109375
0 0.64453125 0.1109375 0.090625 0.128125
0 0.3609375 0.2546875 0.10546875 0.1734375
0 0.22421875 0.296875 0.10390625 0.128125
0 0.2234375 0.496875 0.09296875 0.1375
0 0.3171875 0.490625 0.09921875 0.16953125
0 0.22890625 0.7171875 0.10078125 0.08203125
0 0.40546875 0.9109375 0.08984375 0.14453125
0 0.51328125 0.921875 0.08125 0.15546875
0 0.728125 0.87734375 0.08515625 0.140625
0 0.82109375 0.8375 0.090625 0.096875
0 0.85390625 0.70390625 0.06484375 0.075
0 0.80234375 0.73671875 0.06484375 0.08203125
0 0.7359375 0.753125 0.08046875 0.10390625
0 0.64765625 0.778125 0.08828125 0.115625
0 0.365625 0.07890625 0.0875 0.10546875
0 0.24453125 0.12734375 0.09140625 0.1125