0 0.51171875 0.8375 0.09921875 0.31953125
0 0.64453125 0.86953125 0.10078125 0.146875
0 0.71328125 0.8640625 0.0875 0.1390625
0 0.821875 0.8109375 0.11484375 0.10859375
0 0.77421875 0.70234375 0.13984375 0.10390625
0 0.646875 0.209375 0.10390625 0.1390625
0 0.51796875 0.08125 0.07890625 0.1625
0 0.4046875 0.08984375 0.090625 0.1734375
0 0.23203125 0.27421875 0.10859375 0.1015625
0 0.32890625 0.4984375 0.10625 0.16640625
0 0.23046875 0.50625 0.10703125 0.1484375
0 0.23203125 0.68359375 0.13203125 0.1109375
0 0.33984375 0.728125 0.11796875 0.14453125
0 0.36875 0.93046875 0.09140625 0.10546875
0 0.2453125 0.88984375 0.08203125 0.17890625
0 0.72578125 0.11875 0.09375 0.1375
0 0.82578125 0.165625 0.09609375 0.10703125
0 0.85390625 0.28828125 0.059375 0.0734375
0 0.72578125 0.26640625 0.103125 0.1109375
0 0.80234375 0.23671875 0.090625 0.07109375