0 0.5984375 0.47890625 0.140625 0.13359375
0 0.77109375 0.23359375 0.07578125 0.1359375
0 0.775 0.49609375 0.11015625 0.14140625
0 0.78828125 0.6921875 0.09609375 0.14296875
0 0.69453125 0.721875 0.08203125 0.190625
0 0.63046875 0.7390625 0.1125 0.196875
0 0.62578125 0.94140625 0.08359375 0.11640625
0 0.759375 0.89375 0.07890625 0.14296875
0 0.35078125 0.875 0.07734375 0.125
0 0.27109375 0.859375 0.08359375 0.1484375
0 0.17265625 0.8078125 0.109375 0.109375
0 0.3921875 0.190625 0.121875 0.16953125
0 0.48984375 0.07578125 0.08984375 0.14609375
0 0.2765625 0.12578125 0.09296875 0.14609375
0 0.265625 0.2875 0.1 0.15859375
0 0.14140625 0.284375 0.05390625 0.09609375
0 0.20078125 0.26484375 0.07109375 0.115625
0 0.165625 0.15546875 0.09375 0.121875