0 0.11640625 0.40390625 0.10078125 0.1359375
0 0.1640625 0.203125 0.08203125 0.1265625
0 0.28203125 0.121875 0.06484375 0.15390625
0 0.35546875 0.12265625 0.06796875 0.14609375
0 0.64140625 0.25625 0.096875 0.18203125
0 0.7703125 0.48828125 0.10703125 0.13203125
0 0.78671875 0.35078125 0.10546875 0.0984375
0 0.753125 0.29375 0.11875 0.15390625
0 0.74921875 0.1203125 0.065625 0.1125
0 0.62109375 0.05390625 0.0703125 0.1078125
0 0.4796875 0.921875 0.071875 0.15625
0 0.35859375 0.77890625 0.08671875 0.11640625
0 0.29765625 0.84609375 0.08046875 0.10546875
0 0.275 0.7453125 0.1 0.11796875
0 0.159375 0.72421875 0.06875 0.08203125
0 0.17421875 0.8328125 0.075 0.12109375
0 0.07890625 0.709375 0.08828125 0.0609375
0 0.328125 0.29609375 0.27734375 0.0359375