1 0.53671875 0.1984375 0.11328125 0.278125
0 0.65859375 0.3953125 0.175 0.159375
0 0.77421875 0.490625 0.10390625 0.13359375
0 0.771875 0.7328125 0.09765625 0.0984375
0 0.48359375 0.92734375 0.0859375 0.1453125
0 0.35 0.7921875 0.07734375 0.12890625
0 0.27109375 0.8859375 0.10078125 0.15
0 0.2609375 0.7375 0.10078125 0.128125
0 0.18046875 0.71484375 0.08984375 0.10390625
0 0.12890625 0.80859375 0.12265625 0.1109375
0 0.0484375 0.74453125 0.03671875 0.06015625
0 0.05078125 0.63359375 0.075 0.05625
0 0.1671875 0.2 0.1125 0.07890625
0 0.27109375 0.1359375 0.06796875 0.13828125
0 0.34609375 0.13828125 0.06875 0.13125
0 0.63046875 0.04921875 0.08515625 0.0984375
0 0.74765625 0.12421875 0.0796875 0.11171875
0 0.77109375 0.3015625 0.103125 0.11171875
0 0.66015625 0.25390625 0.1171875 0.11640625
0 0.61953125 0.62578125 0.11953125 0.00234375
0 0.14765625 0.709375 0.065625 0.07890625