0 0.5609375 0.8484375 0.10546875 0.26953125
0 0.6515625 0.71875 0.090625 0.1765625
0 0.79453125 0.6546875 0.078125 0.0984375
0 0.78359375 0.503125 0.10546875 0.134375
0 0.38046875 0.1 0.09140625 0.2
0 0.4890625 0.0671875 0.08671875 0.134375
0 0.3609375 0.19453125 0.06953125 0.121875
0 0.30234375 0.13984375 0.08828125 0.115625
0 0.25546875 0.11171875 0.04921875 0.10703125
0 0.1734375 0.16328125 0.08828125 0.09296875
0 0.18359375 0.271875 0.08984375 0.08359375
0 0.26796875 0.26484375 0.084375 0.1125
0 0.1765625 0.7921875 0.115625 0.10390625
0 0.27890625 0.85703125 0.06171875 0.14453125
0 0.35234375 0.87890625 0.065625 0.15
0 0.7390625 0.70390625 0.10703125 0.178125
0 0.62578125 0.94921875 0.06640625 0.1015625
0 0.75390625 0.8734375 0.08046875 0.1140625
0 0.1390625 0.2734375 0.065625 0.1