0 0.41953125 0.215625 0.15 0.21796875
0 0.17421875 0.1984375 0.1 0.11953125
0 0.28359375 0.1375 0.084375 0.153125
0 0.35703125 0.10078125 0.0875 0.13203125
0 0.65 0.2640625 0.07734375 0.20859375
0 0.79609375 0.34765625 0.06875 0.13203125
0 0.76796875 0.496875 0.12421875 0.115625
0 0.74375 0.296875 0.08984375 0.1515625
0 0.75078125 0.11953125 0.08515625 0.11953125
0 0.621875 0.06484375 0.06875 0.12890625
0 0.48828125 0.928125 0.08671875 0.14140625
0 0.36015625 0.80390625 0.07265625 0.1390625
0 0.25546875 0.8875 0.07890625 0.16953125
0 0.3125 0.878125 0.08125 0.1515625
0 0.18125 0.8609375 0.08359375 0.128125
0 0.27265625 0.74140625 0.08046875 0.090625
0 0.20078125 0.73359375 0.05859375 0.084375
0 0.1484375 0.83515625 0.04140625 0.0859375
0 0.14765625 0.71953125 0.07265625 0.08046875