1 0.3328125 0.14453125 0.11953125 0.228125
0 0.40546875 0.08125 0.0859375 0.16171875
0 0.515625 0.08515625 0.0859375 0.165625
0 0.6390625 0.20390625 0.09375 0.14765625
0 0.73359375 0.12109375 0.10234375 0.14296875
0 0.7375 0.2796875 0.1046875 0.13515625
0 0.8109375 0.27890625 0.07109375 0.109375
0 0.8265625 0.159375 0.0796875 0.10546875
0 0.95390625 0.37109375 0.08046875 0.0578125
0 0.65546875 0.8765625 0.07265625 0.1046875
0 0.72421875 0.87890625 0.06640625 0.12109375
0 0.83515625 0.8015625 0.10234375 0.09765625
0 0.37109375 0.703125 0.14296875 0.1703125
0 0.22890625 0.6875 0.1171875 0.12890625
0 0.36953125 0.94921875 0.09453125 0.10078125
0 0.2484375 0.8890625 0.1015625 0.09765625
0 0.22578125 0.26875 0.09921875 0.1078125
0 0.3265625 0.53046875 0.11796875 0.15625
0 0.221875 0.50078125 0.1015625 0.15234375
0 0.7703125 0.65546875 0.140625 0.10859375
0 0.8453125 0.2890625 0.08046875 0.10546875