0 0.55703125 0.8015625 0.07578125 0.2890625
0 0.6015625 0.9203125 0.059375 0.159375
0 0.77734375 0.72734375 0.09375 0.11796875
0 0.68359375 0.51328125 0.10546875 0.22109375
0 0.78203125 0.49921875 0.11796875 0.1234375
0 0.6453125 0.26171875 0.14296875 0.1734375
0 0.78828125 0.3140625 0.1 0.1359375
0 0.6296875 0.0859375 0.09921875 0.1390625
0 0.75078125 0.1328125 0.09140625 0.14296875
0 0.35078125 0.1390625 0.09453125 0.14453125
0 0.26796875 0.15390625 0.07109375 0.13359375
0 0.16953125 0.2 0.10078125 0.1140625
0 0.234375 0.2921875 0.1375 0.115625
0 0.38125 0.8203125 0.08515625 0.12890625
0 0.48984375 0.93359375 0.078125 0.128125
0 0.27578125 0.859375 0.09453125 0.1265625
0 0.15234375 0.83984375 0.07890625 0.090625
0 0.26640625 0.7265625 0.09140625 0.14140625
0 0.20390625 0.74453125 0.08046875 0.10859375
0 0.140625 0.703125 0.0625 0.0734375