0 0.11796875 0.6171875 0.05 0.0984375
0 0.16015625 0.79921875 0.09609375 0.0625
0 0.27109375 0.84453125 0.05625 0.10546875
0 0.3578125 0.8765625 0.08203125 0.125
0 0.64140625 0.73359375 0.11328125 0.1609375
0 0.628125 0.91484375 0.08359375 0.12890625
0 0.75078125 0.88125 0.07265625 0.0984375
0 0.7859375 0.7046875 0.09296875 0.12734375
0 0.6765625 0.5 0.1 0.1703125
0 0.78671875 0.51328125 0.09921875 0.14140625
0 0.76875 0.27265625 0.0859375 0.146875
0 0.59375 0.0890625 0.0859375 0.15703125
0 0.4859375 0.0703125 0.065625 0.13984375
0 0.27265625 0.11953125 0.08359375 0.13984375
0 0.16953125 0.16328125 0.0875 0.09453125
0 0.13515625 0.29140625 0.0484375 0.06484375
0 0.18984375 0.26875 0.06328125 0.0828125
0 0.2625 0.25546875 0.0703125 0.109375
0 0.32890625 0.23046875 0.0796875 0.10078125
0 0.22109375 0.7140625 0.09375 0.04296875