1 0.56953125 0.13046875 0.09140625 0.25859375
0 0.69921875 0.159375 0.11640625 0.2234375
0 0.49140625 0.08046875 0.07421875 0.1609375
0 0.26171875 0.11953125 0.06171875 0.16953125
0 0.37734375 0.19609375 0.109375 0.153125
0 0.32109375 0.109375 0.08046875 0.1484375
0 0.26953125 0.271875 0.096875 0.14453125
0 0.20078125 0.271875 0.06796875 0.125
0 0.14375 0.28515625 0.0625 0.10390625
0 0.17734375 0.16796875 0.09375 0.1140625
0 0.23046875 0.6203125 0.1375 0.10703125
0 0.165625 0.7921875 0.13359375 0.10703125
0 0.27109375 0.85390625 0.07421875 0.16953125
0 0.34921875 0.86875 0.07265625 0.15390625
0 0.6453125 0.73203125 0.10703125 0.175
0 0.79609375 0.65703125 0.07421875 0.125
0 0.7484375 0.70859375 0.10546875 0.15546875
0 0.6234375 0.93359375 0.0875 0.1328125
0 0.75 0.88203125 0.08359375 0.1109375
0 0.76875 0.50234375 0.13515625 0.1265625