0 0.48046875 0.88046875 0.103125 0.2390625
0 0.64453125 0.875 0.08046875 0.1359375
0 0.72265625 0.8515625 0.071875 0.125
0 0.8328125 0.8078125 0.11796875 0.1265625
0 0.4078125 0.08515625 0.09296875 0.1484375
0 0.23046875 0.275 0.08125 0.11640625
0 0.32890625 0.50625 0.08515625 0.1734375
0 0.2328125 0.4953125 0.078125 0.14296875
0 0.22109375 0.690625 0.08984375 0.125
0 0.34921875 0.728125 0.10390625 0.13359375
0 0.37421875 0.9421875 0.09140625 0.115625
0 0.24609375 0.87734375 0.09296875 0.09609375
0 0.51484375 0.0703125 0.08984375 0.140625
0 0.64453125 0.2 0.08515625 0.13359375
0 0.73203125 0.26171875 0.11171875 0.115625
0 0.8375 0.165625 0.08515625 0.134375
0 0.73203125 0.11875 0.09453125 0.134375
0 0.8578125 0.290625 0.053125 0.08203125
0 0.8046875 0.28046875 0.0578125 0.128125