0 0.528125 0.09921875 0.10390625 0.1984375
0 0.3484375 0.13359375 0.09453125 0.13359375
0 0.27890625 0.134375 0.07578125 0.14296875
0 0.16875 0.19375 0.12265625 0.109375
0 0.67890625 0.4984375 0.07890625 0.15546875
0 0.77734375 0.496875 0.090625 0.14609375
0 0.77890625 0.7265625 0.096875 0.11953125
0 0.653125 0.2578125 0.11015625 0.15703125
0 0.77421875 0.31484375 0.09453125 0.115625
0 0.628125 0.0828125 0.06875 0.165625
0 0.75390625 0.1234375 0.08359375 0.13359375
0 0.59296875 0.90703125 0.09296875 0.15546875
0 0.47890625 0.93125 0.08671875 0.1375
0 0.3734375 0.7984375 0.10078125 0.1359375
0 0.27578125 0.740625 0.08984375 0.11953125
0 0.20546875 0.7546875 0.09921875 0.10390625
0 0.140625 0.703125 0.05234375 0.0875
0 0.16953125 0.83203125 0.09609375 0.11953125
0 0.2390625 0.28515625 0.13515625 0.12890625