0 0.88671875 0.33046875 0.12109375 0.09140625
0 0.84140625 0.20078125 0.090625 0.0875
0 0.7375 0.14921875 0.07890625 0.1375
0 0.65078125 0.140625 0.07890625 0.15859375
0 0.76953125 0.29375 0.11875 0.1515625
0 0.35703125 0.2734375 0.10390625 0.20546875
0 0.3796875 0.08828125 0.078125 0.1125
0 0.246875 0.10859375 0.10390625 0.13046875
0 0.22265625 0.29140625 0.1 0.11640625
0 0.334375 0.496875 0.10234375 0.19609375
0 0.21484375 0.48515625 0.128125 0.17890625
0 0.23046875 0.73203125 0.11484375 0.128125
0 0.63671875 0.77421875 0.08046875 0.14609375
0 0.51640625 0.93125 0.07890625 0.1375
0 0.40859375 0.903125 0.09140625 0.16953125
0 0.7265625 0.890625 0.10078125 0.109375
0 0.72734375 0.753125 0.08046875 0.1265625
0 0.79765625 0.7453125 0.07109375 0.1125
0 0.86015625 0.7046875 0.06875 0.10703125
0 0.8328125 0.83671875 0.096875 0.10703125