0 0.48828125 0.178125 0.11171875 0.2859375
0 0.64765625 0.1484375 0.096875 0.146875
0 0.72421875 0.140625 0.08125 0.1515625
0 0.82578125 0.1859375 0.11640625 0.10546875
0 0.7625 0.3 0.14609375 0.11953125
0 0.625 0.8078125 0.103125 0.140625
0 0.41328125 0.9203125 0.06640625 0.14453125
0 0.51796875 0.9265625 0.08203125 0.146875
0 0.834375 0.840625 0.0828125 0.0953125
0 0.85859375 0.71015625 0.0828125 0.075
0 0.80390625 0.73828125 0.06875 0.08984375
0 0.734375 0.74609375 0.0953125 0.13984375
0 0.2265625 0.72890625 0.09921875 0.1078125
0 0.328125 0.4828125 0.08828125 0.14453125
0 0.2265625 0.47734375 0.078125 0.153125
0 0.346875 0.2609375 0.1109375 0.14921875
0 0.2140625 0.3015625 0.09453125 0.1078125
0 0.24921875 0.12265625 0.08125 0.10703125
0 0.37109375 0.07109375 0.08125 0.11796875