0 0.48828125 0.1625 0.09921875 0.31953125
0 0.35546875 0.13046875 0.10078125 0.146875
0 0.28671875 0.1359375 0.0875 0.1390625
0 0.178125 0.1890625 0.11484375 0.10859375
0 0.22578125 0.29765625 0.13984375 0.10390625
0 0.353125 0.790625 0.10390625 0.1390625
0 0.48203125 0.91875 0.07890625 0.1625
0 0.5953125 0.91015625 0.090625 0.1734375
0 0.76796875 0.72578125 0.10859375 0.1015625
0 0.67109375 0.5015625 0.10625 0.16640625
0 0.76953125 0.49375 0.10703125 0.1484375
0 0.76796875 0.31640625 0.13203125 0.1109375
0 0.66015625 0.271875 0.11796875 0.14453125
0 0.63125 0.06953125 0.09140625 0.10546875
0 0.7546875 0.11015625 0.08203125 0.17890625
0 0.27421875 0.88125 0.09375 0.1375
0 0.17421875 0.834375 0.09609375 0.10703125
0 0.14609375 0.71171875 0.059375 0.0734375
0 0.27421875 0.73359375 0.103125 0.1109375
0 0.19765625 0.76328125 0.090625 0.07109375